7005 2015.05.07 00.00.01 0 0 -1411 -1409.00
7005 2015.05.07 00.00.01 0 1 -1604 -1602.75
7005 2015.05.07 00.00.01 0 2 -1364 -1363.62
7005 2015.05.07 00.00.01 0 3 -1352 -1352.00
7005 2015.05.07 00.00.01 0 4 -1582 -1581.00
7005 2015.05.07 00.00.01 0 5 -1588 -1587.37
7005 2015.05.07 00.00.01 0 6 -1256 -1255.87
7005 2015.05.07 00.00.01 0 7 -900 -900.87
7005 2015.05.07 00.00.01 0 8 -900 -899.87
7005 2015.05.07 00.00.01 0 9 -1374 -1373.62
7005 2015.05.07 00.00.01 0 10 -1247 -1247.37
7005 2015.05.07 00.00.01 0 11 -1357 -1357.12
7005 2015.05.07 00.00.01 0 12 -1236 -1235.62
7005 2015.05.07 00.00.01 0 13 -1600 -1599.87
7005 2015.05.07 00.00.01 0 14 -1332 -1331.50
7005 2015.05.07 00.00.01 0 15 -900 -900.00
7005 2015.05.07 00.00.01 1 0 -1370 -1370.00
7005 2015.05.07 00.00.01 1 1 -1205 -1205.37
7005 2015.05.07 00.00.01 1 2 -1290 -1290.12
7005 2015.05.07 00.00.01 1 3 -1371 -1371.00
7005 2015.05.07 00.00.01 1 4 -1234 -1234.00
7005 2015.05.07 00.00.01 1 5 -1288 -1288.00
7005 2015.05.07 00.00.01 1 6 -1193 -1193.25
7005 2015.05.07 00.00.01 1 7 -900 -900.25
7005 2015.05.07 00.00.01 1 8 -900 -900.12
7005 2015.05.07 00.00.01 1 9 -1505 -1504.62
7005 2015.05.07 00.00.01 1 10 -1417 -1416.87
7005 2015.05.07 00.00.01 1 11 -1539 -1538.87
7005 2015.05.07 00.00.01 1 12 -1641 -1640.75
7005 2015.05.07 00.00.01 1 13 -1467 -1466.00
7005 2015.05.07 00.00.01 1 14 -1627 -1626.62
7005 2015.05.07 00.00.01 1 15 -900 -900.00
7005 2015.05.07 00.00.01 2 0 -1602 -1606.12
7005 2015.05.07 00.00.01 2 1 -1586 -1590.62
7005 2015.05.07 00.00.01 2 2 -1600 -1603.87
7005 2015.05.07 00.00.01 2 3 -1648 -1652.75
7005 2015.05.07 00.00.01 2 4 -1308 -1312.25
7005 2015.05.07 00.00.01 2 5 -1600 -1604.62
7005 2015.05.07 00.00.01 2 6 -1417 -1422.00
7005 2015.05.07 00.00.01 2 7 -900 -903.62
7005 2015.05.07 00.00.01 2 8 -900 -903.12
7005 2015.05.07 00.00.01 2 9 -1234 -1238.62
7005 2015.05.07 00.00.01 2 10 -1470 -1475.00
7005 2015.05.07 00.00.01 2 11 -1285 -1289.00
7005 2015.05.07 00.00.01 2 12 -1448 -1452.37
7005 2015.05.07 00.00.01 2 13 -1534 -1538.00
7005 2015.05.07 00.00.01 2 14 -1323 -1327.75
7005 2015.05.07 00.00.01 2 15 -900 -902.37
7005 2015.05.07 00.00.01 3 0 -1422 -1421.50
7005 2015.05.07 00.00.01 3 1 -1600 -1599.25
7005 2015.05.07 00.00.01 3 2 -1482 -1481.25
7005 2015.05.07 00.00.01 3 3 -1515 -1514.50
7005 2015.05.07 00.00.01 3 4 -1420 -1419.37
7005 2015.05.07 00.00.01 3 5 -1362 -1361.87
7005 2015.05.07 00.00.01 3 6 -1651 -1650.25
7005 2015.05.07 00.00.01 3 7 -900 -900.12
7005 2015.05.07 00.00.01 3 8 -900 -899.87
7005 2015.05.07 00.00.01 3 9 -1490 -1489.12
7005 2015.05.07 00.00.01 3 10 -1541 -1540.37
7005 2015.05.07 00.00.01 3 11 -1474 -1473.25
7005 2015.05.07 00.00.01 3 12 -1567 -1566.37
7005 2015.05.07 00.00.01 3 13 -1369 -1368.37
7005 2015.05.07 00.00.01 3 14 -1434 -1433.12
7005 2015.05.07 00.00.01 3 15 -900 -899.87
7005 2015.05.07 00.00.01 4 0 -1470 -1469.12
7005 2015.05.07 00.00.01 4 1 -1535 -1534.00
7005 2015.05.07 00.00.01 4 2 -1665 -1663.75
7005 2015.05.07 00.00.01 4 3 -1600 -1599.12
7005 2015.05.07 00.00.01 4 4 -1395 -1393.37
7005 2015.05.07 00.00.01 4 5 -1441 -1439.87
7005 2015.05.07 00.00.01 4 6 -1439 -1437.62
7005 2015.05.07 00.00.01 4 7 -900 -899.87
7005 2015.05.07 00.00.01 4 8 -900 -899.12
7005 2015.05.07 00.00.01 4 9 -1477 -1476.25
7005 2015.05.07 00.00.01 4 10 -1406 -1404.75
7005 2015.05.07 00.00.01 4 11 -1488 -1487.50
7005 2015.05.07 00.00.01 4 12 -1625 -1623.87
7005 2015.05.07 00.00.01 4 13 -1531 -1529.50
7005 2015.05.07 00.00.01 4 14 -1631 -1630.12
7005 2015.05.07 00.00.01 4 15 -900 -899.37
7005 2015.05.07 00.00.01 5 0 -1499 -1498.62
7005 2015.05.07 00.00.01 5 1 -1600 -1599.37
7005 2015.05.07 00.00.01 5 2 -1587 -1586.75
7005 2015.05.07 00.00.01 5 3 -1350 -1349.62
7005 2015.05.07 00.00.01 5 4 -1560 -1559.62
7005 2015.05.07 00.00.01 5 5 -1655 -1654.25
7005 2015.05.07 00.00.01 5 6 -1328 -1327.87
7005 2015.05.07 00.00.01 5 7 -900 -899.62
7005 2015.05.07 00.00.01 5 8 -900 -899.62
7005 2015.05.07 00.00.01 5 9 -1672 -1671.00
7005 2015.05.07 00.00.01 5 10 -1600 -1599.50
7005 2015.05.07 00.00.01 5 11 -1611 -1610.75
7005 2015.05.07 00.00.01 5 12 -1238 -1237.37
7005 2015.05.07 00.00.01 5 13 -1600 -1599.50
7005 2015.05.07 00.00.01 5 14 -1563 -1562.50
7005 2015.05.07 00.00.01 5 15 -900 -899.62
7005 2015.05.07 00.00.01 6 0 -1600 -1597.37
7005 2015.05.07 00.00.01 6 1 -1350 -1347.00
7005 2015.05.07 00.00.01 6 2 -1180 -1177.37
7005 2015.05.07 00.00.01 6 3 -1600 -1597.12
7005 2015.05.07 00.00.01 6 4 -1288 -1285.50
7005 2015.05.07 00.00.01 6 5 -1339 -1336.62
7005 2015.05.07 00.00.01 6 6 -1220 -1217.75
7005 2015.05.07 00.00.01 6 7 -900 -898.25
7005 2015.05.07 00.00.01 6 8 -900 -897.87
7005 2015.05.07 00.00.01 6 9 -1489 -1485.87
7005 2015.05.07 00.00.01 6 10 -1350 -1347.62
7005 2015.05.07 00.00.01 6 11 -1371 -1368.62
7005 2015.05.07 00.00.01 6 12 -1600 -1597.25
7005 2015.05.07 00.00.01 6 13 -1430 -1427.37
7005 2015.05.07 00.00.01 6 14 -1374 -1371.62
7005 2015.05.07 00.00.01 6 15 -900 -898.62
7005 2015.05.07 00.00.01 7 0 -900 -901.12
7005 2015.05.07 00.00.01 7 1 -900 -899.00
7005 2015.05.07 00.00.01 7 2 -900 -901.00
7005 2015.05.07 00.00.01 7 3 -900 -902.12
7005 2015.05.07 00.00.01 7 4 -900 -903.25
7005 2015.05.07 00.00.01 7 5 -900 -902.50
7005 2015.05.07 00.00.01 7 6 -900 -903.00
7005 2015.05.07 00.00.01 7 7 -900 -900.37
7005 2015.05.07 00.00.01 7 8 -900 -901.12
7005 2015.05.07 00.00.01 7 9 -900 -901.25
7005 2015.05.07 00.00.01 7 10 -900 -901.87
7005 2015.05.07 00.00.01 7 11 -900 -902.62
7005 2015.05.07 00.00.01 7 12 -900 -901.25
7005 2015.05.07 00.00.01 7 13 -900 -898.50
7005 2015.05.07 00.00.01 7 14 -900 -900.25
7005 2015.05.07 00.00.01 7 15 -900 -905.50
7005 2015.05.07 00.00.01 8 0 -1443 -1438.62
7005 2015.05.07 00.00.01 8 1 -1343 -1340.00
7005 2015.05.07 00.00.01 8 2 -1265 -1261.50
7005 2015.05.07 00.00.01 8 3 -1225 -1221.75
7005 2015.05.07 00.00.01 8 4 -1341 -1336.87
7005 2015.05.07 00.00.01 8 5 -1600 -1595.25
7005 2015.05.07 00.00.01 8 6 -1371 -1367.25
7005 2015.05.07 00.00.01 8 7 -900 -897.50
7005 2015.05.07 00.00.01 8 8 -900 -897.50
7005 2015.05.07 00.00.01 8 9 -1224 -1220.62
7005 2015.05.07 00.00.01 8 10 -1474 -1470.12
7005 2015.05.07 00.00.01 8 11 -1349 -1345.37
7005 2015.05.07 00.00.01 8 12 -1358 -1354.00
7005 2015.05.07 00.00.01 8 13 -1533 -1528.37
7005 2015.05.07 00.00.01 8 14 -1341 -1337.50
7005 2015.05.07 00.00.01 8 15 -900 -897.50
7005 2015.05.07 00.00.01 9 0 -1652 -1648.25
7005 2015.05.07 00.00.01 9 1 -1498 -1494.12
7005 2015.05.07 00.00.01 9 2 -1554 -1551.25
7005 2015.05.07 00.00.01 9 3 -1468 -1463.87
7005 2015.05.07 00.00.01 9 4 -1472 -1468.37
7005 2015.05.07 00.00.01 9 5 -1388 -1385.00
7005 2015.05.07 00.00.01 9 6 -1445 -1441.75
7005 2015.05.07 00.00.01 9 7 -900 -898.25
7005 2015.05.07 00.00.01 9 8 -900 -898.12
7005 2015.05.07 00.00.01 9 9 -1551 -1547.12
7005 2015.05.07 00.00.01 9 10 -1519 -1515.25
7005 2015.05.07 00.00.01 9 11 -1573 -1569.25
7005 2015.05.07 00.00.01 9 12 -1600 -1595.50
7005 2015.05.07 00.00.01 9 13 -1546 -1542.37
7005 2015.05.07 00.00.01 9 14 -1432 -1428.50
7005 2015.05.07 00.00.01 9 15 -900 -898.00
7005 2015.05.07 00.00.01 10 0 -1629 -1627.87
7005 2015.05.07 00.00.01 10 1 -1414 -1412.87
7005 2015.05.07 00.00.01 10 2 -1467 -1465.50
7005 2015.05.07 00.00.01 10 3 -1524 -1523.00
7005 2015.05.07 00.00.01 10 4 -1617 -1615.75
7005 2015.05.07 00.00.01 10 5 -1342 -1341.00
7005 2015.05.07 00.00.01 10 6 -1223 -1222.12
7005 2015.05.07 00.00.01 10 7 -900 -899.62
7005 2015.05.07 00.00.01 10 8 -900 -899.00
7005 2015.05.07 00.00.01 10 9 -1398 -1397.37
7005 2015.05.07 00.00.01 10 10 -1466 -1465.12
7005 2015.05.07 00.00.01 10 11 -1275 -1274.00
7005 2015.05.07 00.00.01 10 12 -1494 -1493.00
7005 2015.05.07 00.00.01 10 13 -1440 -1439.00
7005 2015.05.07 00.00.01 10 14 -1353 -1351.62
7005 2015.05.07 00.00.01 10 15 -900 -899.12
7005 2015.05.07 00.00.01 11 0 -1695 -1694.00
7005 2015.05.07 00.00.01 11 1 -1529 -1527.37
7005 2015.05.07 00.00.01 11 2 -1409 -1407.87
7005 2015.05.07 00.00.01 11 3 -1525 -1523.62
7005 2015.05.07 00.00.01 11 4 -1524 -1523.50
7005 2015.05.07 00.00.01 11 5 -1432 -1432.12
7005 2015.05.07 00.00.01 11 6 -1600 -1600.00
7005 2015.05.07 00.00.01 11 7 -900 -900.25
7005 2015.05.07 00.00.01 11 8 -900 -900.37
7005 2015.05.07 00.00.01 11 9 -1600 -1599.37
7005 2015.05.07 00.00.01 11 10 -1619 -1618.00
7005 2015.05.07 00.00.01 11 11 -1564 -1563.25
7005 2015.05.07 00.00.01 11 12 -1442 -1440.25
7005 2015.05.07 00.00.01 11 13 -1362 -1361.87
7005 2015.05.07 00.00.01 11 14 -1541 -1540.25
7005 2015.05.07 00.00.01 11 15 -900 -899.25
7005 2015.05.07 00.00.01 12 0 -1543 -1541.62
7005 2015.05.07 00.00.01 12 1 -1385 -1383.62
7005 2015.05.07 00.00.01 12 2 -1381 -1381.37
7005 2015.05.07 00.00.01 12 3 -1614 -1612.87
7005 2015.05.07 00.00.01 12 4 -900 -1143.75
7005 2015.05.07 00.00.01 12 5 -1600 -1598.50
7005 2015.05.07 00.00.01 12 6 -1281 -1280.12
7005 2015.05.07 00.00.01 12 7 -1293 -1292.00
7005 2015.05.07 00.00.01 12 8 -900 -899.12
7005 2015.05.07 00.00.01 12 9 -1600 -1598.00
7005 2015.05.07 00.00.01 12 10 -1600 -1598.25
7005 2015.05.07 00.00.01 12 11 -1456 -1454.62
7005 2015.05.07 00.00.01 12 12 -1349 -1348.25
7005 2015.05.07 00.00.01 12 13 -1389 -1388.00
7005 2015.05.07 00.00.01 12 14 -1691 -1689.37
7005 2015.05.07 00.00.01 12 15 -900 -899.25
7005 2015.05.07 00.00.01 13 0 0 -57.25
7005 2015.05.07 00.00.01 13 1 -1600 -1600.25
7005 2015.05.07 00.00.01 13 2 -1387 -1387.50
7005 2015.05.07 00.00.01 13 3 -1257 -1257.12
7005 2015.05.07 00.00.01 13 4 -1436 -1436.50
7005 2015.05.07 00.00.01 13 5 -1274 -1274.87
7005 2015.05.07 00.00.01 13 6 -1416 -1416.87
7005 2015.05.07 00.00.01 13 7 -900 -900.75
7005 2015.05.07 00.00.01 13 8 -900 -900.12
7005 2015.05.07 00.00.01 13 9 -1620 -1620.62
7005 2015.05.07 00.00.01 13 10 -1423 -1423.50
7005 2015.05.07 00.00.01 13 11 -1312 -1312.37
7005 2015.05.07 00.00.01 13 12 -1462 -1462.12
7005 2015.05.07 00.00.01 13 13 -1172 -1171.87
7005 2015.05.07 00.00.01 13 14 -1600 -1600.50
7005 2015.05.07 00.00.01 13 15 -900 -900.37
7005 2015.05.07 00.00.01 14 0 -1600 -1600.12
7005 2015.05.07 00.00.01 14 1 -1572 -1572.12
7005 2015.05.07 00.00.01 14 2 0 -95.62
7005 2015.05.07 00.00.01 14 3 -1600 -1599.87
7005 2015.05.07 00.00.01 14 4 -1600 -1599.75
7005 2015.05.07 00.00.01 14 5 -1555 -1555.37
7005 2015.05.07 00.00.01 14 6 -1600 -1599.75
7005 2015.05.07 00.00.01 14 7 -900 -900.00
7005 2015.05.07 00.00.01 14 8 -900 -899.87
7005 2015.05.07 00.00.01 14 9 -1459 -1458.87
7005 2015.05.07 00.00.01 14 10 -1600 -1599.25
7005 2015.05.07 00.00.01 14 11 -1483 -1482.87
7005 2015.05.07 00.00.01 14 12 -1380 -1380.12
7005 2015.05.07 00.00.01 14 13 -1293 -1292.75
7005 2015.05.07 00.00.01 14 14 -1600 -1599.50
7005 2015.05.07 00.00.01 14 15 -900 -900.12
7005 2015.05.07 00.00.01 15 0 -1417 -1415.37
7005 2015.05.07 00.00.01 15 1 0 -127.25
7005 2015.05.07 00.00.01 15 2 -1469 -1466.87
7005 2015.05.07 00.00.01 15 3 -1482 -1480.37
7005 2015.05.07 00.00.01 15 4 -1385 -1383.12
7005 2015.05.07 00.00.01 15 5 -1467 -1465.50
7005 2015.05.07 00.00.01 15 6 -1382 -1379.62
7005 2015.05.07 00.00.01 15 7 -1485 -1483.50
7005 2015.05.07 00.00.01 15 8 -1412 -1410.12
7005 2015.05.07 00.00.01 15 9 -1359 -1357.75
7005 2015.05.07 00.00.01 15 10 -1369 -1367.12
7005 2015.05.07 00.00.01 15 11 -1425 -1423.62
7005 2015.05.07 00.00.01 15 12 -1393 -1392.12
7005 2015.05.07 00.00.01 15 13 -1537 -1535.00
7005 2015.05.07 00.00.01 15 14 -1370 -1367.87
7005 2015.05.07 00.00.01 15 15 -900 -898.87
7005 2015.05.07 00.30.01 0 0 -1411 -1409.12
7005 2015.05.07 00.30.01 0 1 -1604 -1602.75
7005 2015.05.07 00.30.01 0 2 -1364 -1363.62
7005 2015.05.07 00.30.01 0 3 -1352 -1352.12
7005 2015.05.07 00.30.01 0 4 -1582 -1581.12
7005 2015.05.07 00.30.01 0 5 -1588 -1587.50
7005 2015.05.07 00.30.01 0 6 -1256 -1255.87
7005 2015.05.07 00.30.01 0 7 -900 -900.75
7005 2015.05.07 00.30.01 0 8 -900 -899.87
7005 2015.05.07 00.30.01 0 9 -1374 -1373.62
7005 2015.05.07 00.30.01 0 10 -1247 -1247.25
7005 2015.05.07 00.30.01 0 11 -1357 -1357.25
7005 2015.05.07 00.30.01 0 12 -1236 -1235.75
7005 2015.05.07 00.30.01 0 13 -1600 -1599.87
7005 2015.05.07 00.30.01 0 14 -1332 -1331.50
7005 2015.05.07 00.30.01 0 15 -900 -899.87
7005 2015.05.07 00.30.01 1 0 -1370 -1370.00
7005 2015.05.07 00.30.01 1 1 -1205 -1205.50
7005 2015.05.07 00.30.01 1 2 -1290 -1290.25
7005 2015.05.07 00.30.01 1 3 -1371 -1371.00
7005 2015.05.07 00.30.01 1 4 -1234 -1234.12
7005 2015.05.07 00.30.01 1 5 -1288 -1287.87
7005 2015.05.07 00.30.01 1 6 -1193 -1193.12
7005 2015.05.07 00.30.01 1 7 -900 -900.25
7005 2015.05.07 00.30.01 1 8 -900 -900.12
7005 2015.05.07 00.30.01 1 9 -1505 -1504.62
7005 2015.05.07 00.30.01 1 10 -1417 -1416.87
7005 2015.05.07 00.30.01 1 11 -1539 -1539.00
7005 2015.05.07 00.30.01 1 12 -1641 -1640.50
7005 2015.05.07 00.30.01 1 13 -1467 -1466.12
7005 2015.05.07 00.30.01 1 14 -1627 -1626.50
7005 2015.05.07 00.30.01 1 15 -900 -899.87
7005 2015.05.07 00.30.01 2 0 -1602 -1606.12
7005 2015.05.07 00.30.01 2 1 -1586 -1590.75
7005 2015.05.07 00.30.01 2 2 -1600 -1603.87
7005 2015.05.07 00.30.01 2 3 -1648 -1652.87
7005 2015.05.07 00.30.01 2 4 -1308 -1312.37
7005 2015.05.07 00.30.01 2 5 -1600 -1604.62
7005 2015.05.07 00.30.01 2 6 -1417 -1422.00
7005 2015.05.07 00.30.01 2 7 -900 -903.75
7005 2015.05.07 00.30.01 2 8 -900 -902.87
7005 2015.05.07 00.30.01 2 9 -1234 -1238.75
7005 2015.05.07 00.30.01 2 10 -1470 -1475.12
7005 2015.05.07 00.30.01 2 11 -1285 -1289.00
7005 2015.05.07 00.30.01 2 12 -1448 -1452.62
7005 2015.05.07 00.30.01 2 13 -1534 -1537.87
7005 2015.05.07 00.30.01 2 14 -1323 -1327.62
7005 2015.05.07 00.30.01 2 15 -900 -902.37
7005 2015.05.07 00.30.01 3 0 -1422 -1421.50
7005 2015.05.07 00.30.01 3 1 -1600 -1599.25
7005 2015.05.07 00.30.01 3 2 -1482 -1481.25
7005 2015.05.07 00.30.01 3 3 -1515 -1514.50
7005 2015.05.07 00.30.01 3 4 -1420 -1419.37
7005 2015.05.07 00.30.01 3 5 -1362 -1361.87
7005 2015.05.07 00.30.01 3 6 -1651 -1650.25
7005 2015.05.07 00.30.01 3 7 -900 -900.12
7005 2015.05.07 00.30.01 3 8 -900 -899.62
7005 2015.05.07 00.30.01 3 9 -1490 -1489.25
7005 2015.05.07 00.30.01 3 10 -1541 -1540.50
7005 2015.05.07 00.30.01 3 11 -1474 -1473.37
7005 2015.05.07 00.30.01 3 12 -1567 -1566.25
7005 2015.05.07 00.30.01 3 13 -1369 -1368.37
7005 2015.05.07 00.30.01 3 14 -1434 -1433.00
7005 2015.05.07 00.30.01 3 15 -900 -900.00
7005 2015.05.07 00.30.01 4 0 -1470 -1469.12
7005 2015.05.07 00.30.01 4 1 -1535 -1534.00
7005 2015.05.07 00.30.01 4 2 -1665 -1663.87
7005 2015.05.07 00.30.01 4 3 -1600 -1599.00
7005 2015.05.07 00.30.01 4 4 -1395 -1393.62
7005 2015.05.07 00.30.01 4 5 -1441 -1439.87
7005 2015.05.07 00.30.01 4 6 -1439 -1437.62
7005 2015.05.07 00.30.01 4 7 -900 -899.75
7005 2015.05.07 00.30.01 4 8 -900 -899.12
7005 2015.05.07 00.30.01 4 9 -1477 -1476.12
7005 2015.05.07 00.30.01 4 10 -1406 -1404.75
7005 2015.05.07 00.30.01 4 11 -1488 -1487.37
7005 2015.05.07 00.30.01 4 12 -1625 -1623.87
7005 2015.05.07 00.30.01 4 13 -1531 -1529.62
7005 2015.05.07 00.30.01 4 14 -1631 -1630.00
7005 2015.05.07 00.30.01 4 15 -900 -899.25
7005 2015.05.07 00.30.01 5 0 -1499 -1498.62
7005 2015.05.07 00.30.01 5 1 -1600 -1599.37
7005 2015.05.07 00.30.01 5 2 -1587 -1586.75
7005 2015.05.07 00.30.01 5 3 -1350 -1349.75
7005 2015.05.07 00.30.01 5 4 -1560 -1559.62
7005 2015.05.07 00.30.01 5 5 -1655 -1654.12
7005 2015.05.07 00.30.01 5 6 -1328 -1328.00
7005 2015.05.07 00.30.01 5 7 -900 -899.62
7005 2015.05.07 00.30.01 5 8 -900 -899.87
7005 2015.05.07 00.30.01 5 9 -1672 -1670.87
7005 2015.05.07 00.30.01 5 10 -1600 -1599.37
7005 2015.05.07 00.30.01 5 11 -1611 -1610.75
7005 2015.05.07 00.30.01 5 12 -1238 -1237.37
7005 2015.05.07 00.30.01 5 13 -1600 -1599.37
7005 2015.05.07 00.30.01 5 14 -1563 -1562.62
7005 2015.05.07 00.30.01 5 15 -900 -899.50
7005 2015.05.07 00.30.01 6 0 -1600 -1597.25
7005 2015.05.07 00.30.01 6 1 -1350 -1347.12
7005 2015.05.07 00.30.01 6 2 -1180 -1177.50
7005 2015.05.07 00.30.01 6 3 -1600 -1596.87
7005 2015.05.07 00.30.01 6 4 -1288 -1285.50
7005 2015.05.07 00.30.01 6 5 -1339 -1336.50
7005 2015.05.07 00.30.01 6 6 -1220 -1217.87
7005 2015.05.07 00.30.01 6 7 -900 -898.25
7005 2015.05.07 00.30.01 6 8 -900 -898.00
7005 2015.05.07 00.30.01 6 9 -1489 -1485.75
7005 2015.05.07 00.30.01 6 10 -1350 -1347.62
7005 2015.05.07 00.30.01 6 11 -1371 -1368.75
7005 2015.05.07 00.30.01 6 12 -1600 -1597.00
7005 2015.05.07 00.30.01 6 13 -1430 -1427.12
7005 2015.05.07 00.30.01 6 14 -1374 -1371.50
7005 2015.05.07 00.30.01 6 15 -900 -898.50
7005 2015.05.07 00.30.01 7 0 -900 -900.50
7005 2015.05.07 00.30.01 7 1 -900 -901.12
7005 2015.05.07 00.30.01 7 2 -900 -902.62
7005 2015.05.07 00.30.01 7 3 -900 -899.87
7005 2015.05.07 00.30.01 7 4 -900 -900.37
7005 2015.05.07 00.30.01 7 5 -900 -900.37
7005 2015.05.07 00.30.01 7 6 -900 -899.37
7005 2015.05.07 00.30.01 7 7 -900 -904.37
7005 2015.05.07 00.30.01 7 8 -900 -904.50
7005 2015.05.07 00.30.01 7 9 -900 -903.25
7005 2015.05.07 00.30.01 7 10 -900 -901.87
7005 2015.05.07 00.30.01 7 11 -900 -902.50
7005 2015.05.07 00.30.01 7 12 -900 -902.12
7005 2015.05.07 00.30.01 7 13 -900 -902.50
7005 2015.05.07 00.30.01 7 14 -900 -901.25
7005 2015.05.07 00.30.01 7 15 -900 -898.75
7005 2015.05.07 00.30.01 8 0 -1443 -1438.50
7005 2015.05.07 00.30.01 8 1 -1343 -1340.00
7005 2015.05.07 00.30.01 8 2 -1265 -1261.37
7005 2015.05.07 00.30.01 8 3 -1225 -1221.75
7005 2015.05.07 00.30.01 8 4 -1341 -1336.87
7005 2015.05.07 00.30.01 8 5 -1600 -1595.37
7005 2015.05.07 00.30.01 8 6 -1371 -1367.25
7005 2015.05.07 00.30.01 8 7 -900 -897.50
7005 2015.05.07 00.30.01 8 8 -900 -897.50
7005 2015.05.07 00.30.01 8 9 -1224 -1220.50
7005 2015.05.07 00.30.01 8 10 -1474 -1469.87
7005 2015.05.07 00.30.01 8 11 -1349 -1345.37
7005 2015.05.07 00.30.01 8 12 -1358 -1354.00
7005 2015.05.07 00.30.01 8 13 -1533 -1528.62
7005 2015.05.07 00.30.01 8 14 -1341 -1337.25
7005 2015.05.07 00.30.01 8 15 -900 -897.37
7005 2015.05.07 00.30.01 9 0 -1652 -1648.37
7005 2015.05.07 00.30.01 9 1 -1498 -1494.00
7005 2015.05.07 00.30.01 9 2 -1554 -1551.12
7005 2015.05.07 00.30.01 9 3 -1468 -1463.87
7005 2015.05.07 00.30.01 9 4 -1472 -1468.25
7005 2015.05.07 00.30.01 9 5 -1388 -1385.00
7005 2015.05.07 00.30.01 9 6 -1445 -1441.75
7005 2015.05.07 00.30.01 9 7 -900 -898.25
7005 2015.05.07 00.30.01 9 8 -900 -898.00
7005 2015.05.07 00.30.01 9 9 -1551 -1547.25
7005 2015.05.07 00.30.01 9 10 -1519 -1515.25
7005 2015.05.07 00.30.01 9 11 -1573 -1569.37
7005 2015.05.07 00.30.01 9 12 -1600 -1595.50
7005 2015.05.07 00.30.01 9 13 -1546 -1542.25
7005 2015.05.07 00.30.01 9 14 -1432 -1428.62
7005 2015.05.07 00.30.01 9 15 -900 -898.00
7005 2015.05.07 00.30.01 10 0 -1629 -1627.87
7005 2015.05.07 00.30.01 10 1 -1414 -1413.00
7005 2015.05.07 00.30.01 10 2 -1467 -1465.50
7005 2015.05.07 00.30.01 10 3 -1524 -1523.00
7005 2015.05.07 00.30.01 10 4 -1617 -1616.00
7005 2015.05.07 00.30.01 10 5 -1342 -1341.00
7005 2015.05.07 00.30.01 10 6 -1223 -1222.12
7005 2015.05.07 00.30.01 10 7 -900 -899.50
7005 2015.05.07 00.30.01 10 8 -900 -899.12
7005 2015.05.07 00.30.01 10 9 -1398 -1397.25
7005 2015.05.07 00.30.01 10 10 -1466 -1465.12
7005 2015.05.07 00.30.01 10 11 -1275 -1274.00
7005 2015.05.07 00.30.01 10 12 -1494 -1493.12
7005 2015.05.07 00.30.01 10 13 -1440 -1438.87
7005 2015.05.07 00.30.01 10 14 -1353 -1351.62
7005 2015.05.07 00.30.01 10 15 -900 -899.12
7005 2015.05.07 00.30.01 11 0 -1695 -1694.00
7005 2015.05.07 00.30.01 11 1 -1529 -1527.12
7005 2015.05.07 00.30.01 11 2 -1409 -1407.75
7005 2015.05.07 00.30.01 11 3 -1525 -1523.62
7005 2015.05.07 00.30.01 11 4 -1524 -1523.50
7005 2015.05.07 00.30.01 11 5 -1432 -1432.25
7005 2015.05.07 00.30.01 11 6 -1600 -1600.00
7005 2015.05.07 00.30.01 11 7 -900 -900.12
7005 2015.05.07 00.30.01 11 8 -900 -900.37
7005 2015.05.07 00.30.01 11 9 -1600 -1599.37
7005 2015.05.07 00.30.01 11 10 -1619 -1618.00
7005 2015.05.07 00.30.01 11 11 -1564 -1563.25
7005 2015.05.07 00.30.01 11 12 -1442 -1440.25
7005 2015.05.07 00.30.01 11 13 -1362 -1361.87
7005 2015.05.07 00.30.01 11 14 -1541 -1540.37
7005 2015.05.07 00.30.01 11 15 -900 -899.12
7005 2015.05.07 00.30.01 12 0 -1543 -1541.62
7005 2015.05.07 00.30.01 12 1 -1385 -1383.75
7005 2015.05.07 00.30.01 12 2 -1381 -1381.37
7005 2015.05.07 00.30.01 12 3 -1614 -1612.75
7005 2015.05.07 00.30.01 12 4 -900 -1141.62
7005 2015.05.07 00.30.01 12 5 -1600 -1598.50
7005 2015.05.07 00.30.01 12 6 -1281 -1280.12
7005 2015.05.07 00.30.01 12 7 -1293 -1292.00
7005 2015.05.07 00.30.01 12 8 -900 -899.37
7005 2015.05.07 00.30.01 12 9 -1600 -1598.00
7005 2015.05.07 00.30.01 12 10 -1600 -1598.25
7005 2015.05.07 00.30.01 12 11 -1456 -1454.62
7005 2015.05.07 00.30.01 12 12 -1349 -1348.25
7005 2015.05.07 00.30.01 12 13 -1389 -1387.87
7005 2015.05.07 00.30.01 12 14 -1691 -1689.50
7005 2015.05.07 00.30.01 12 15 -900 -899.12
7005 2015.05.07 00.30.01 13 0 0 -57.25
7005 2015.05.07 00.30.01 13 1 -1600 -1600.37
7005 2015.05.07 00.30.01 13 2 -1387 -1387.75
7005 2015.05.07 00.30.01 13 3 -1257 -1257.37
7005 2015.05.07 00.30.01 13 4 -1436 -1436.37
7005 2015.05.07 00.30.01 13 5 -1274 -1274.87
7005 2015.05.07 00.30.01 13 6 -1416 -1416.87
7005 2015.05.07 00.30.01 13 7 -900 -900.87
7005 2015.05.07 00.30.01 13 8 -900 -900.00
7005 2015.05.07 00.30.01 13 9 -1620 -1620.50
7005 2015.05.07 00.30.01 13 10 -1423 -1423.37
7005 2015.05.07 00.30.01 13 11 -1312 -1312.37
7005 2015.05.07 00.30.01 13 12 -1462 -1462.12
7005 2015.05.07 00.30.01 13 13 -1172 -1172.12
7005 2015.05.07 00.30.01 13 14 -1600 -1600.62
7005 2015.05.07 00.30.01 13 15 -900 -900.25
7005 2015.05.07 00.30.01 14 0 -1600 -1600.12
7005 2015.05.07 00.30.01 14 1 -1572 -1572.12
7005 2015.05.07 00.30.01 14 2 0 -95.62
7005 2015.05.07 00.30.01 14 3 -1600 -1600.00
7005 2015.05.07 00.30.01 14 4 -1600 -1599.62
7005 2015.05.07 00.30.01 14 5 -1555 -1555.50
7005 2015.05.07 00.30.01 14 6 -1600 -1599.87
7005 2015.05.07 00.30.01 14 7 -900 -900.12
7005 2015.05.07 00.30.01 14 8 -900 -899.87
7005 2015.05.07 00.30.01 14 9 -1459 -1458.75
7005 2015.05.07 00.30.01 14 10 -1600 -1599.37
7005 2015.05.07 00.30.01 14 11 -1483 -1482.87
7005 2015.05.07 00.30.01 14 12 -1380 -1380.25
7005 2015.05.07 00.30.01 14 13 -1293 -1292.75
7005 2015.05.07 00.30.01 14 14 -1600 -1599.50
7005 2015.05.07 00.30.01 14 15 -900 -900.12
7005 2015.05.07 00.30.01 15 0 -1417 -1415.37
7005 2015.05.07 00.30.01 15 1 0 -127.37
7005 2015.05.07 00.30.01 15 2 -1469 -1467.00
7005 2015.05.07 00.30.01 15 3 -1482 -1480.37
7005 2015.05.07 00.30.01 15 4 -1385 -1383.25
7005 2015.05.07 00.30.01 15 5 -1467 -1465.50
7005 2015.05.07 00.30.01 15 6 -1382 -1379.75
7005 2015.05.07 00.30.01 15 7 -1485 -1483.50
7005 2015.05.07 00.30.01 15 8 -1412 -1410.25
7005 2015.05.07 00.30.01 15 9 -1359 -1357.75
7005 2015.05.07 00.30.01 15 10 -1369 -1367.25
7005 2015.05.07 00.30.01 15 11 -1425 -1423.62
7005 2015.05.07 00.30.01 15 12 -1393 -1391.87
7005 2015.05.07 00.30.01 15 13 -1537 -1535.00
7005 2015.05.07 00.30.01 15 14 -1370 -1367.75
7005 2015.05.07 00.30.01 15 15 -900 -898.87
7006 2015.05.07 00.00.01 0 0 -1424 -1424.00
7006 2015.05.07 00.00.01 0 1 -1359 -1359.62
7006 2015.05.07 00.00.01 0 2 -1600 -1600.62
7006 2015.05.07 00.00.01 0 3 -1396 -1396.87
7006 2015.05.07 00.00.01 0 4 -1388 -1388.37
7006 2015.05.07 00.00.01 0 5 -1455 -1455.37
7006 2015.05.07 00.00.01 0 6 -1659 -1658.87
7006 2015.05.07 00.00.01 0 7 -900 -900.62
7006 2015.05.07 00.00.01 0 8 -900 -900.50
7006 2015.05.07 00.00.01 0 9 -1599 -1600.00
7006 2015.05.07 00.00.01 0 10 -1509 -1509.75
7006 2015.05.07 00.00.01 0 11 -1327 -1327.75
7006 2015.05.07 00.00.01 0 12 -1446 -1447.50
7006 2015.05.07 00.00.01 0 13 -1600 -1601.87
7006 2015.05.07 00.00.01 0 14 -1441 -1441.87
7006 2015.05.07 00.00.01 0 15 -900 -901.12
7006 2015.05.07 00.00.01 1 0 -1429 -1429.50
7006 2015.05.07 00.00.01 1 1 -1390 -1390.25
7006 2015.05.07 00.00.01 1 2 -1465 -1465.00
7006 2015.05.07 00.00.01 1 3 -1600 -1607.50
7006 2015.05.07 00.00.01 1 4 -1510 -1510.37
7006 2015.05.07 00.00.01 1 5 -1293 -1293.12
7006 2015.05.07 00.00.01 1 6 -1467 -1467.62
7006 2015.05.07 00.00.01 1 7 -900 -899.75
7006 2015.05.07 00.00.01 1 8 -900 -899.37
7006 2015.05.07 00.00.01 1 9 -1295 -1295.62
7006 2015.05.07 00.00.01 1 10 -1360 -1360.25
7006 2015.05.07 00.00.01 1 11 -1264 -1263.75
7006 2015.05.07 00.00.01 1 12 -1539 -1539.12
7006 2015.05.07 00.00.01 1 13 -1322 -1322.50
7006 2015.05.07 00.00.01 1 14 -1552 -1552.50
7006 2015.05.07 00.00.01 1 15 -900 -901.37
7006 2015.05.07 00.00.01 2 0 -1513 -1514.12
7006 2015.05.07 00.00.01 2 1 -1415 -1416.62
7006 2015.05.07 00.00.01 2 2 -1416 -1417.87
7006 2015.05.07 00.00.01 2 3 -1659 -1661.50
7006 2015.05.07 00.00.01 2 4 -1563 -1564.75
7006 2015.05.07 00.00.01 2 5 -1479 -1481.00
7006 2015.05.07 00.00.01 2 6 -1417 -1418.75
7006 2015.05.07 00.00.01 2 7 -900 -902.00
7006 2015.05.07 00.00.01 2 8 -900 -901.50
7006 2015.05.07 00.00.01 2 9 -1603 -1604.00
7006 2015.05.07 00.00.01 2 10 -1572 -1574.62
7006 2015.05.07 00.00.01 2 11 -1198 -1199.87
7006 2015.05.07 00.00.01 2 12 -1338 -1340.50
7006 2015.05.07 00.00.01 2 13 -900 -902.00
7006 2015.05.07 00.00.01 2 14 -1511 -1512.87
7006 2015.05.07 00.00.01 2 15 -900 -900.75
7006 2015.05.07 00.00.01 3 0 -1542 -1544.50
7006 2015.05.07 00.00.01 3 1 -1177 -1180.00
7006 2015.05.07 00.00.01 3 2 -1285 -1287.25
7006 2015.05.07 00.00.01 3 3 -1571 -1574.75
7006 2015.05.07 00.00.01 3 4 -1318 -1321.00
7006 2015.05.07 00.00.01 3 5 -1485 -1488.37
7006 2015.05.07 00.00.01 3 6 -1202 -1205.50
7006 2015.05.07 00.00.01 3 7 -900 -902.25
7006 2015.05.07 00.00.01 3 8 -900 -901.75
7006 2015.05.07 00.00.01 3 9 -1398 -1401.00
7006 2015.05.07 00.00.01 3 10 -1574 -1577.00
7006 2015.05.07 00.00.01 3 11 -1425 -1427.87
7006 2015.05.07 00.00.01 3 12 -1564 -1567.87
7006 2015.05.07 00.00.01 3 13 -1276 -1278.87
7006 2015.05.07 00.00.01 3 14 -1427 -1430.00
7006 2015.05.07 00.00.01 3 15 -900 -902.75
7006 2015.05.07 00.00.01 4 0 -1636 -1638.75
7006 2015.05.07 00.00.01 4 1 -1381 -1384.50
7006 2015.05.07 00.00.01 4 2 -1428 -1430.62
7006 2015.05.07 00.00.01 4 3 -1571 -1575.37
7006 2015.05.07 00.00.01 4 4 -1488 -1491.00
7006 2015.05.07 00.00.01 4 5 -1290 -1293.25
7006 2015.05.07 00.00.01 4 6 -1321 -1324.37
7006 2015.05.07 00.00.01 4 7 -900 -902.50
7006 2015.05.07 00.00.01 4 8 -900 -902.37
7006 2015.05.07 00.00.01 4 9 -1570 -1572.37
7006 2015.05.07 00.00.01 4 10 -1545 -1548.50
7006 2015.05.07 00.00.01 4 11 -1365 -1368.12
7006 2015.05.07 00.00.01 4 12 -1555 -1558.50
7006 2015.05.07 00.00.01 4 13 -1397 -1399.75
7006 2015.05.07 00.00.01 4 14 -1293 -1296.00
7006 2015.05.07 00.00.01 4 15 -900 -903.12
7006 2015.05.07 00.00.01 5 0 -1486 -1487.62
7006 2015.05.07 00.00.01 5 1 -1278 -1279.25
7006 2015.05.07 00.00.01 5 2 -1291 -1292.12
7006 2015.05.07 00.00.01 5 3 -1355 -1356.37
7006 2015.05.07 00.00.01 5 4 -1520 -1521.50
7006 2015.05.07 00.00.01 5 5 -1373 -1374.37
7006 2015.05.07 00.00.01 5 6 -1373 -1374.50
7006 2015.05.07 00.00.01 5 7 -900 -900.87
7006 2015.05.07 00.00.01 5 8 -900 -900.87
7006 2015.05.07 00.00.01 5 9 -1230 -1230.37
7006 2015.05.07 00.00.01 5 10 -1520 -1521.75
7006 2015.05.07 00.00.01 5 11 -1440 -1441.00
7006 2015.05.07 00.00.01 5 12 -1415 -1416.87
7006 2015.05.07 00.00.01 5 13 -1649 -1650.12
7006 2015.05.07 00.00.01 5 14 -1495 -1496.75
7006 2015.05.07 00.00.01 5 15 -900 -902.00
7006 2015.05.07 00.00.01 6 0 -1579 -1579.00
7006 2015.05.07 00.00.01 6 1 -1658 -1656.50
7006 2015.05.07 00.00.01 6 2 -1367 -1366.50
7006 2015.05.07 00.00.01 6 3 -1422 -1420.37
7006 2015.05.07 00.00.01 6 4 -1370 -1369.62
7006 2015.05.07 00.00.01 6 5 -1261 -1260.37
7006 2015.05.07 00.00.01 6 6 -1486 -1486.12
7006 2015.05.07 00.00.01 6 7 -900 -901.00
7006 2015.05.07 00.00.01 6 8 -900 -900.62
7006 2015.05.07 00.00.01 6 9 -1505 -1503.87
7006 2015.05.07 00.00.01 6 10 -1517 -1517.12
7006 2015.05.07 00.00.01 6 11 -1469 -1467.50
7006 2015.05.07 00.00.01 6 12 -1367 -1367.50
7006 2015.05.07 00.00.01 6 13 -1523 -1522.00
7006 2015.05.07 00.00.01 6 14 -1359 -1358.12
7006 2015.05.07 00.00.01 6 15 -900 -900.87
7006 2015.05.07 00.00.01 7 0 -1313 -1311.00
7006 2015.05.07 00.00.01 7 1 -1333 -1329.62
7006 2015.05.07 00.00.01 7 2 -1151 -1148.00
7006 2015.05.07 00.00.01 7 3 -1400 -1397.00
7006 2015.05.07 00.00.01 7 4 -1600 -1596.12
7006 2015.05.07 00.00.01 7 5 -1497 -1493.75
7006 2015.05.07 00.00.01 7 6 -1519 -1516.50
7006 2015.05.07 00.00.01 7 7 -900 -899.87
7006 2015.05.07 00.00.01 7 8 -900 -900.37
7006 2015.05.07 00.00.01 7 9 -1322 -1318.75
7006 2015.05.07 00.00.01 7 10 -1472 -1469.25
7006 2015.05.07 00.00.01 7 11 -1377 -1373.87
7006 2015.05.07 00.00.01 7 12 -1191 -1188.12
7006 2015.05.07 00.00.01 7 13 -1305 -1301.25
7006 2015.05.07 00.00.01 7 14 -1413 -1409.75
7006 2015.05.07 00.00.01 7 15 -900 -900.12
7006 2015.05.07 00.00.01 8 0 -1194 -1197.12
7006 2015.05.07 00.00.01 8 1 -1424 -1426.75
7006 2015.05.07 00.00.01 8 2 -1183 -1185.75
7006 2015.05.07 00.00.01 8 3 -1389 -1392.75
7006 2015.05.07 00.00.01 8 4 -1284 -1286.87
7006 2015.05.07 00.00.01 8 5 -1352 -1354.75
7006 2015.05.07 00.00.01 8 6 -1424 -1427.00
7006 2015.05.07 00.00.01 8 7 -900 -902.37
7006 2015.05.07 00.00.01 8 8 -900 -901.25
7006 2015.05.07 00.00.01 8 9 -1402 -1405.00
7006 2015.05.07 00.00.01 8 10 -1458 -1460.87
7006 2015.05.07 00.00.01 8 11 -764 -766.25
7006 2015.05.07 00.00.01 8 12 -1600 -1604.00
7006 2015.05.07 00.00.01 8 13 -1218 -1220.62
7006 2015.05.07 00.00.01 8 14 -1600 -1603.50
7006 2015.05.07 00.00.01 8 15 -900 -903.00
7006 2015.05.07 00.00.01 9 0 -1175 -1178.00
7006 2015.05.07 00.00.01 9 1 -1256 -1259.50
7006 2015.05.07 00.00.01 9 2 -1174 -1176.87
7006 2015.05.07 00.00.01 9 3 -1190 -1192.87
7006 2015.05.07 00.00.01 9 4 -1271 -1274.00
7006 2015.05.07 00.00.01 9 5 -1366 -1369.62
7006 2015.05.07 00.00.01 9 6 -1298 -1301.62
7006 2015.05.07 00.00.01 9 7 -900 -902.62
7006 2015.05.07 00.00.01 9 8 -900 -901.75
7006 2015.05.07 00.00.01 9 9 -1428 -1431.37
7006 2015.05.07 00.00.01 9 10 -1160 -1163.00
7006 2015.05.07 00.00.01 9 11 -1598 -1601.25
7006 2015.05.07 00.00.01 9 12 -1530 -1534.00
7006 2015.05.07 00.00.01 9 13 -1322 -1325.12
7006 2015.05.07 00.00.01 9 14 -1413 -1417.50
7006 2015.05.07 00.00.01 9 15 -900 -902.25
7006 2015.05.07 00.00.01 10 0 -1259 -1259.50
7006 2015.05.07 00.00.01 10 1 -1368 -1368.00
7006 2015.05.07 00.00.01 10 2 -1600 -1600.00
7006 2015.05.07 00.00.01 10 3 -1600 -1599.75
7006 2015.05.07 00.00.01 10 4 -1437 -1437.37
7006 2015.05.07 00.00.01 10 5 -1531 -1531.50
7006 2015.05.07 00.00.01 10 6 -1323 -1323.50
7006 2015.05.07 00.00.01 10 7 -900 -901.75
7006 2015.05.07 00.00.01 10 8 -900 -900.62
7006 2015.05.07 00.00.01 10 9 -1490 -1490.25
7006 2015.05.07 00.00.01 10 10 -1470 -1471.50
7006 2015.05.07 00.00.01 10 11 -1395 -1394.87
7006 2015.05.07 00.00.01 10 12 -1281 -1281.50
7006 2015.05.07 00.00.01 10 13 -1553 -1552.75
7006 2015.05.07 00.00.01 10 14 -1473 -1473.37
7006 2015.05.07 00.00.01 10 15 -900 -901.37
7006 2015.05.07 00.00.01 11 0 -1386 -1388.75
7006 2015.05.07 00.00.01 11 1 -1271 -1272.75
7006 2015.05.07 00.00.01 11 2 -1423 -1425.62
7006 2015.05.07 00.00.01 11 3 -1259 -1261.75
7006 2015.05.07 00.00.01 11 4 -1142 -1144.12
7006 2015.05.07 00.00.01 11 5 -1301 -1303.00
7006 2015.05.07 00.00.01 11 6 -1362 -1364.62
7006 2015.05.07 00.00.01 11 7 -900 -901.75
7006 2015.05.07 00.00.01 11 8 -900 -901.12
7006 2015.05.07 00.00.01 11 9 -1408 -1409.75
7006 2015.05.07 00.00.01 11 10 -1260 -1263.25
7006 2015.05.07 00.00.01 11 11 -1208 -1209.25
7006 2015.05.07 00.00.01 11 12 -1202 -1203.62
7006 2015.05.07 00.00.01 11 13 -1246 -1247.87
7006 2015.05.07 00.00.01 11 14 -1223 -1226.00
7006 2015.05.07 00.00.01 11 15 -900 -901.87
7006 2015.05.07 00.00.01 12 0 -1202 -1205.62
7006 2015.05.07 00.00.01 12 1 -1222 -1225.25
7006 2015.05.07 00.00.01 12 2 -1293 -1296.75
7006 2015.05.07 00.00.01 12 3 -1283 -1286.25
7006 2015.05.07 00.00.01 12 4 -1351 -1354.87
7006 2015.05.07 00.00.01 12 5 -1294 -1297.25
7006 2015.05.07 00.00.01 12 6 -1263 -1266.62
7006 2015.05.07 00.00.01 12 7 -900 -902.12
7006 2015.05.07 00.00.01 12 8 -900 -902.25
7006 2015.05.07 00.00.01 12 9 -1260 -1263.12
7006 2015.05.07 00.00.01 12 10 -1255 -1258.25
7006 2015.05.07 00.00.01 12 11 -1176 -1179.12
7006 2015.05.07 00.00.01 12 12 -1515 -1518.25
7006 2015.05.07 00.00.01 12 13 -1689 -1694.37
7006 2015.05.07 00.00.01 12 14 -1401 -1404.75
7006 2015.05.07 00.00.01 12 15 -900 -902.37
7006 2015.05.07 00.00.01 13 0 -1462 -1464.50
7006 2015.05.07 00.00.01 13 1 -1503 -1506.87
7006 2015.05.07 00.00.01 13 2 -1508 -1511.37
7006 2015.05.07 00.00.01 13 3 -1459 -1463.00
7006 2015.05.07 00.00.01 13 4 -1600 -1603.12
7006 2015.05.07 00.00.01 13 5 -1518 -1520.62
7006 2015.05.07 00.00.01 13 6 -1438 -1441.87
7006 2015.05.07 00.00.01 13 7 -900 -902.50
7006 2015.05.07 00.00.01 13 8 -900 -902.62
7006 2015.05.07 00.00.01 13 9 -1396 -1399.12
7006 2015.05.07 00.00.01 13 10 -1473 -1476.37
7006 2015.05.07 00.00.01 13 11 -1506 -1509.37
7006 2015.05.07 00.00.01 13 12 -1468 -1471.25
7006 2015.05.07 00.00.01 13 13 -1609 -1612.12
7006 2015.05.07 00.00.01 13 14 -1600 -1603.25
7006 2015.05.07 00.00.01 13 15 -900 -902.25
7006 2015.05.07 00.00.01 14 0 -1379 -1382.75
7006 2015.05.07 00.00.01 14 1 -1365 -1369.12
7006 2015.05.07 00.00.01 14 2 -1600 -1604.25
7006 2015.05.07 00.00.01 14 3 -1502 -1506.12
7006 2015.05.07 00.00.01 14 4 -1399 -1402.37
7006 2015.05.07 00.00.01 14 5 -1377 -1381.25
7006 2015.05.07 00.00.01 14 6 -1209 -1212.50
7006 2015.05.07 00.00.01 14 7 -900 -902.62
7006 2015.05.07 00.00.01 14 8 -900 -901.62
7006 2015.05.07 00.00.01 14 9 -1370 -1374.00
7006 2015.05.07 00.00.01 14 10 -1180 -1182.87
7006 2015.05.07 00.00.01 14 11 -1288 -1292.00
7006 2015.05.07 00.00.01 14 12 -1542 -1546.62
7006 2015.05.07 00.00.01 14 13 -1314 -1317.12
7006 2015.05.07 00.00.01 14 14 -1217 -1220.12
7006 2015.05.07 00.00.01 14 15 -900 -902.87
7006 2015.05.07 00.00.01 15 0 -1353 -1355.25
7006 2015.05.07 00.00.01 15 1 -1236 -1237.00
7006 2015.05.07 00.00.01 15 2 -1120 -1121.75
7006 2015.05.07 00.00.01 15 3 -900 -901.37
7006 2015.05.07 00.00.01 15 4 -900 -903.12
7006 2015.05.07 00.00.01 15 5 -900 -901.87
7006 2015.05.07 00.00.01 15 6 -900 -901.37
7006 2015.05.07 00.00.01 15 7 -900 -901.87
7006 2015.05.07 00.00.01 15 8 -900 -910.62
7006 2015.05.07 00.00.01 15 9 -900 -901.25
7006 2015.05.07 00.00.01 15 10 -900 -900.75
7006 2015.05.07 00.00.01 15 11 -900 -901.00
7006 2015.05.07 00.00.01 15 12 -900 -901.75
7006 2015.05.07 00.00.01 15 13 -900 -901.00
7006 2015.05.07 00.00.01 15 14 -900 -902.75
7006 2015.05.07 00.00.01 15 15 -900 -901.62
7006 2015.05.07 00.30.01 0 0 -1424 -1424.00
7006 2015.05.07 00.30.01 0 1 -1359 -1359.37
7006 2015.05.07 00.30.01 0 2 -1600 -1600.87
7006 2015.05.07 00.30.01 0 3 -1396 -1397.37
7006 2015.05.07 00.30.01 0 4 -1388 -1388.37
7006 2015.05.07 00.30.01 0 5 -1455 -1454.75
7006 2015.05.07 00.30.01 0 6 -1659 -1658.50
7006 2015.05.07 00.30.01 0 7 -900 -900.87
7006 2015.05.07 00.30.01 0 8 -900 -901.37
7006 2015.05.07 00.30.01 0 9 -1599 -1600.12
7006 2015.05.07 00.30.01 0 10 -1509 -1508.87
7006 2015.05.07 00.30.01 0 11 -1327 -1328.62
7006 2015.05.07 00.30.01 0 12 -1446 -1446.75
7006 2015.05.07 00.30.01 0 13 -1600 -1602.00
7006 2015.05.07 00.30.01 0 14 -1441 -1441.75
7006 2015.05.07 00.30.01 0 15 -900 -900.62
7006 2015.05.07 00.30.01 1 0 -1429 -1429.12
7006 2015.05.07 00.30.01 1 1 -1390 -1390.25
7006 2015.05.07 00.30.01 1 2 -1465 -1465.00
7006 2015.05.07 00.30.01 1 3 -1600 -1606.62
7006 2015.05.07 00.30.01 1 4 -1510 -1509.87
7006 2015.05.07 00.30.01 1 5 -1293 -1292.87
7006 2015.05.07 00.30.01 1 6 -1467 -1467.50
7006 2015.05.07 00.30.01 1 7 -900 -900.37
7006 2015.05.07 00.30.01 1 8 -900 -899.25
7006 2015.05.07 00.30.01 1 9 -1295 -1296.00
7006 2015.05.07 00.30.01 1 10 -1360 -1360.37
7006 2015.05.07 00.30.01 1 11 -1264 -1264.12
7006 2015.05.07 00.30.01 1 12 -1539 -1539.37
7006 2015.05.07 00.30.01 1 13 -1322 -1322.50
7006 2015.05.07 00.30.01 1 14 -1552 -1551.87
7006 2015.05.07 00.30.01 1 15 -900 -900.87
7006 2015.05.07 00.30.01 2 0 -1513 -1514.87
7006 2015.05.07 00.30.01 2 1 -1415 -1417.00
7006 2015.05.07 00.30.01 2 2 -1416 -1418.25
7006 2015.05.07 00.30.01 2 3 -1659 -1661.62
7006 2015.05.07 00.30.01 2 4 -1563 -1565.00
7006 2015.05.07 00.30.01 2 5 -1479 -1480.75
7006 2015.05.07 00.30.01 2 6 -1417 -1419.00
7006 2015.05.07 00.30.01 2 7 -900 -902.12
7006 2015.05.07 00.30.01 2 8 -900 -902.00
7006 2015.05.07 00.30.01 2 9 -1603 -1604.37
7006 2015.05.07 00.30.01 2 10 -1572 -1573.87
7006 2015.05.07 00.30.01 2 11 -1198 -1200.25
7006 2015.05.07 00.30.01 2 12 -1338 -1340.00
7006 2015.05.07 00.30.01 2 13 -900 -902.37
7006 2015.05.07 00.30.01 2 14 -1511 -1512.12
7006 2015.05.07 00.30.01 2 15 -900 -901.37
7006 2015.05.07 00.30.01 3 0 -1542 -1545.00
7006 2015.05.07 00.30.01 3 1 -1177 -1181.00
7006 2015.05.07 00.30.01 3 2 -1285 -1287.25
7006 2015.05.07 00.30.01 3 3 -1571 -1575.00
7006 2015.05.07 00.30.01 3 4 -1318 -1320.62
7006 2015.05.07 00.30.01 3 5 -1485 -1489.12
7006 2015.05.07 00.30.01 3 6 -1202 -1205.37
7006 2015.05.07 00.30.01 3 7 -900 -902.62
7006 2015.05.07 00.30.01 3 8 -900 -901.87
7006 2015.05.07 00.30.01 3 9 -1398 -1401.25
7006 2015.05.07 00.30.01 3 10 -1574 -1576.12
7006 2015.05.07 00.30.01 3 11 -1425 -1428.37
7006 2015.05.07 00.30.01 3 12 -1564 -1567.75
7006 2015.05.07 00.30.01 3 13 -1276 -1279.62
7006 2015.05.07 00.30.01 3 14 -1427 -1429.62
7006 2015.05.07 00.30.01 3 15 -900 -903.25
7006 2015.05.07 00.30.01 4 0 -1636 -1639.37
7006 2015.05.07 00.30.01 4 1 -1381 -1384.87
7006 2015.05.07 00.30.01 4 2 -1428 -1431.25
7006 2015.05.07 00.30.01 4 3 -1571 -1575.12
7006 2015.05.07 00.30.01 4 4 -1488 -1491.00
7006 2015.05.07 00.30.01 4 5 -1290 -1293.25
7006 2015.05.07 00.30.01 4 6 -1321 -1324.50
7006 2015.05.07 00.30.01 4 7 -900 -902.37
7006 2015.05.07 00.30.01 4 8 -900 -901.75
7006 2015.05.07 00.30.01 4 9 -1570 -1574.00
7006 2015.05.07 00.30.01 4 10 -1545 -1548.12
7006 2015.05.07 00.30.01 4 11 -1365 -1368.12
7006 2015.05.07 00.30.01 4 12 -1555 -1558.87
7006 2015.05.07 00.30.01 4 13 -1397 -1400.37
7006 2015.05.07 00.30.01 4 14 -1293 -1296.37
7006 2015.05.07 00.30.01 4 15 -900 -902.75
7006 2015.05.07 00.30.01 5 0 -1486 -1487.62
7006 2015.05.07 00.30.01 5 1 -1278 -1279.50
7006 2015.05.07 00.30.01 5 2 -1291 -1292.25
7006 2015.05.07 00.30.01 5 3 -1355 -1356.25
7006 2015.05.07 00.30.01 5 4 -1520 -1521.25
7006 2015.05.07 00.30.01 5 5 -1373 -1374.50
7006 2015.05.07 00.30.01 5 6 -1373 -1374.87
7006 2015.05.07 00.30.01 5 7 -900 -901.37
7006 2015.05.07 00.30.01 5 8 -900 -900.00
7006 2015.05.07 00.30.01 5 9 -1230 -1231.12
7006 2015.05.07 00.30.01 5 10 -1520 -1521.87
7006 2015.05.07 00.30.01 5 11 -1440 -1441.62
7006 2015.05.07 00.30.01 5 12 -1415 -1416.00
7006 2015.05.07 00.30.01 5 13 -1649 -1650.25
7006 2015.05.07 00.30.01 5 14 -1495 -1496.87
7006 2015.05.07 00.30.01 5 15 -900 -901.37
7006 2015.05.07 00.30.01 6 0 -1579 -1578.37
7006 2015.05.07 00.30.01 6 1 -1658 -1656.62
7006 2015.05.07 00.30.01 6 2 -1367 -1366.25
7006 2015.05.07 00.30.01 6 3 -1422 -1421.00
7006 2015.05.07 00.30.01 6 4 -1370 -1369.50
7006 2015.05.07 00.30.01 6 5 -1261 -1260.37
7006 2015.05.07 00.30.01 6 6 -1486 -1486.00
7006 2015.05.07 00.30.01 6 7 -900 -900.87
7006 2015.05.07 00.30.01 6 8 -900 -901.25
7006 2015.05.07 00.30.01 6 9 -1505 -1503.62
7006 2015.05.07 00.30.01 6 10 -1517 -1516.50
7006 2015.05.07 00.30.01 6 11 -1469 -1468.62
7006 2015.05.07 00.30.01 6 12 -1367 -1366.62
7006 2015.05.07 00.30.01 6 13 -1523 -1522.75
7006 2015.05.07 00.30.01 6 14 -1359 -1357.75
7006 2015.05.07 00.30.01 6 15 -900 -901.62
7006 2015.05.07 00.30.01 7 0 -1313 -1310.00
7006 2015.05.07 00.30.01 7 1 -1333 -1328.62
7006 2015.05.07 00.30.01 7 2 -1151 -1148.00
7006 2015.05.07 00.30.01 7 3 -1400 -1396.87
7006 2015.05.07 00.30.01 7 4 -1600 -1596.25
7006 2015.05.07 00.30.01 7 5 -1497 -1493.75
7006 2015.05.07 00.30.01 7 6 -1519 -1516.50
7006 2015.05.07 00.30.01 7 7 -900 -899.50
7006 2015.05.07 00.30.01 7 8 -900 -900.50
7006 2015.05.07 00.30.01 7 9 -1322 -1319.25
7006 2015.05.07 00.30.01 7 10 -1472 -1469.12
7006 2015.05.07 00.30.01 7 11 -1377 -1374.00
7006 2015.05.07 00.30.01 7 12 -1191 -1188.25
7006 2015.05.07 00.30.01 7 13 -1305 -1301.50
7006 2015.05.07 00.30.01 7 14 -1413 -1409.75
7006 2015.05.07 00.30.01 7 15 -900 -900.50
7006 2015.05.07 00.30.01 8 0 -1194 -1197.62
7006 2015.05.07 00.30.01 8 1 -1424 -1426.75
7006 2015.05.07 00.30.01 8 2 -1183 -1186.12
7006 2015.05.07 00.30.01 8 3 -1389 -1392.12
7006 2015.05.07 00.30.01 8 4 -1284 -1287.00
7006 2015.05.07 00.30.01 8 5 -1352 -1354.50
7006 2015.05.07 00.30.01 8 6 -1424 -1427.00
7006 2015.05.07 00.30.01 8 7 -900 -902.37
7006 2015.05.07 00.30.01 8 8 -900 -901.62
7006 2015.05.07 00.30.01 8 9 -1402 -1405.25
7006 2015.05.07 00.30.01 8 10 -1458 -1461.50
7006 2015.05.07 00.30.01 8 11 -764 -765.87
7006 2015.05.07 00.30.01 8 12 -1600 -1603.75
7006 2015.05.07 00.30.01 8 13 -1218 -1220.75
7006 2015.05.07 00.30.01 8 14 -1600 -1603.50
7006 2015.05.07 00.30.01 8 15 -900 -903.12
7006 2015.05.07 00.30.01 9 0 -1175 -1177.37
7006 2015.05.07 00.30.01 9 1 -1256 -1259.50
7006 2015.05.07 00.30.01 9 2 -1174 -1176.37
7006 2015.05.07 00.30.01 9 3 -1190 -1194.00
7006 2015.05.07 00.30.01 9 4 -1271 -1274.00
7006 2015.05.07 00.30.01 9 5 -1366 -1369.75
7006 2015.05.07 00.30.01 9 6 -1298 -1301.37
7006 2015.05.07 00.30.01 9 7 -900 -902.25
7006 2015.05.07 00.30.01 9 8 -900 -902.12
7006 2015.05.07 00.30.01 9 9 -1428 -1431.37
7006 2015.05.07 00.30.01 9 10 -1160 -1163.00
7006 2015.05.07 00.30.01 9 11 -1598 -1601.25
7006 2015.05.07 00.30.01 9 12 -1530 -1533.12
7006 2015.05.07 00.30.01 9 13 -1322 -1325.37
7006 2015.05.07 00.30.01 9 14 -1413 -1416.37
7006 2015.05.07 00.30.01 9 15 -900 -902.75
7006 2015.05.07 00.30.01 10 0 -1259 -1259.50
7006 2015.05.07 00.30.01 10 1 -1368 -1368.50
7006 2015.05.07 00.30.01 10 2 -1600 -1599.50
7006 2015.05.07 00.30.01 10 3 -1600 -1600.00
7006 2015.05.07 00.30.01 10 4 -1437 -1437.87
7006 2015.05.07 00.30.01 10 5 -1531 -1531.12
7006 2015.05.07 00.30.01 10 6 -1323 -1323.25
7006 2015.05.07 00.30.01 10 7 -900 -901.37
7006 2015.05.07 00.30.01 10 8 -900 -900.50
7006 2015.05.07 00.30.01 10 9 -1490 -1490.50
7006 2015.05.07 00.30.01 10 10 -1470 -1470.75
7006 2015.05.07 00.30.01 10 11 -1395 -1395.00
7006 2015.05.07 00.30.01 10 12 -1281 -1281.50
7006 2015.05.07 00.30.01 10 13 -1553 -1553.75
7006 2015.05.07 00.30.01 10 14 -1473 -1472.50
7006 2015.05.07 00.30.01 10 15 -900 -901.12
7006 2015.05.07 00.30.01 11 0 -1386 -1388.50
7006 2015.05.07 00.30.01 11 1 -1271 -1272.62
7006 2015.05.07 00.30.01 11 2 -1423 -1425.25
7006 2015.05.07 00.30.01 11 3 -1259 -1261.75
7006 2015.05.07 00.30.01 11 4 -1142 -1144.12
7006 2015.05.07 00.30.01 11 5 -1301 -1303.37
7006 2015.05.07 00.30.01 11 6 -1362 -1364.62
7006 2015.05.07 00.30.01 11 7 -900 -902.00
7006 2015.05.07 00.30.01 11 8 -900 -901.37
7006 2015.05.07 00.30.01 11 9 -1408 -1410.00
7006 2015.05.07 00.30.01 11 10 -1260 -1261.37
7006 2015.05.07 00.30.01 11 11 -1208 -1209.00
7006 2015.05.07 00.30.01 11 12 -1202 -1202.87
7006 2015.05.07 00.30.01 11 13 -1246 -1248.00
7006 2015.05.07 00.30.01 11 14 -1223 -1225.25
7006 2015.05.07 00.30.01 11 15 -900 -901.87
7006 2015.05.07 00.30.01 12 0 -1202 -1205.50
7006 2015.05.07 00.30.01 12 1 -1222 -1224.87
7006 2015.05.07 00.30.01 12 2 -1293 -1297.00
7006 2015.05.07 00.30.01 12 3 -1283 -1286.25
7006 2015.05.07 00.30.01 12 4 -1351 -1355.12
7006 2015.05.07 00.30.01 12 5 -1294 -1297.37
7006 2015.05.07 00.30.01 12 6 -1263 -1267.12
7006 2015.05.07 00.30.01 12 7 -900 -901.75
7006 2015.05.07 00.30.01 12 8 -900 -902.37
7006 2015.05.07 00.30.01 12 9 -1260 -1263.37
7006 2015.05.07 00.30.01 12 10 -1255 -1258.25
7006 2015.05.07 00.30.01 12 11 -1176 -1179.25
7006 2015.05.07 00.30.01 12 12 -1515 -1518.62
7006 2015.05.07 00.30.01 12 13 -1689 -1694.50
7006 2015.05.07 00.30.01 12 14 -1401 -1405.50
7006 2015.05.07 00.30.01 12 15 -900 -902.87
7006 2015.05.07 00.30.01 13 0 -1462 -1464.62
7006 2015.05.07 00.30.01 13 1 -1503 -1506.12
7006 2015.05.07 00.30.01 13 2 -1508 -1511.50
7006 2015.05.07 00.30.01 13 3 -1459 -1462.50
7006 2015.05.07 00.30.01 13 4 -1600 -1603.12
7006 2015.05.07 00.30.01 13 5 -1518 -1520.75
7006 2015.05.07 00.30.01 13 6 -1438 -1441.50
7006 2015.05.07 00.30.01 13 7 -900 -902.87
7006 2015.05.07 00.30.01 13 8 -900 -903.00
7006 2015.05.07 00.30.01 13 9 -1396 -1399.87
7006 2015.05.07 00.30.01 13 10 -1473 -1476.50
7006 2015.05.07 00.30.01 13 11 -1506 -1509.37
7006 2015.05.07 00.30.01 13 12 -1468 -1471.37
7006 2015.05.07 00.30.01 13 13 -1609 -1612.25
7006 2015.05.07 00.30.01 13 14 -1600 -1602.87
7006 2015.05.07 00.30.01 13 15 -900 -902.75
7006 2015.05.07 00.30.01 14 0 -1379 -1383.00
7006 2015.05.07 00.30.01 14 1 -1365 -1368.50
7006 2015.05.07 00.30.01 14 2 -1600 -1604.75
7006 2015.05.07 00.30.01 14 3 -1502 -1505.87
7006 2015.05.07 00.30.01 14 4 -1399 -1402.37
7006 2015.05.07 00.30.01 14 5 -1377 -1380.50
7006 2015.05.07 00.30.01 14 6 -1209 -1212.50
7006 2015.05.07 00.30.01 14 7 -900 -904.25
7006 2015.05.07 00.30.01 14 8 -900 -902.37
7006 2015.05.07 00.30.01 14 9 -1370 -1374.25
7006 2015.05.07 00.30.01 14 10 -1180 -1182.87
7006 2015.05.07 00.30.01 14 11 -1288 -1291.87
7006 2015.05.07 00.30.01 14 12 -1542 -1546.62
7006 2015.05.07 00.30.01 14 13 -1314 -1317.50
7006 2015.05.07 00.30.01 14 14 -1217 -1220.37
7006 2015.05.07 00.30.01 14 15 -900 -903.25
7006 2015.05.07 00.30.01 15 0 -1353 -1355.25
7006 2015.05.07 00.30.01 15 1 -1236 -1237.00
7006 2015.05.07 00.30.01 15 2 -1120 -1121.62
7006 2015.05.07 00.30.01 15 3 -900 -901.00
7006 2015.05.07 00.30.01 15 4 -900 -903.37
7006 2015.05.07 00.30.01 15 5 -900 -901.87
7006 2015.05.07 00.30.01 15 6 -900 -901.75
7006 2015.05.07 00.30.01 15 7 -900 -901.75
7006 2015.05.07 00.30.01 15 8 -900 -911.25
7006 2015.05.07 00.30.01 15 9 -900 -901.50
7006 2015.05.07 00.30.01 15 10 -900 -902.12
7006 2015.05.07 00.30.01 15 11 -900 -900.62
7006 2015.05.07 00.30.01 15 12 -900 -901.75
7006 2015.05.07 00.30.01 15 13 -900 -901.00
7006 2015.05.07 00.30.01 15 14 -900 -901.75
7006 2015.05.07 00.30.01 15 15 -900 -901.62
7007 2015.05.07 00.00.01 0 0 -1573 -1572.25
7007 2015.05.07 00.00.01 0 1 -1500 -1498.87
7007 2015.05.07 00.00.01 0 2 -1359 -1357.87
7007 2015.05.07 00.00.01 0 3 -1126 -1125.00
7007 2015.05.07 00.00.01 0 4 -1209 -1207.37
7007 2015.05.07 00.00.01 0 5 -1345 -1343.87
7007 2015.05.07 00.00.01 0 6 -1221 -1220.12
7007 2015.05.07 00.00.01 0 7 -900 -898.25
7007 2015.05.07 00.00.01 0 8 -900 -898.25
7007 2015.05.07 00.00.01 0 9 -1198 -1196.75
7007 2015.05.07 00.00.01 0 10 -1209 -1208.00
7007 2015.05.07 00.00.01 0 11 -1193 -1192.00
7007 2015.05.07 00.00.01 0 12 -1272 -1270.75
7007 2015.05.07 00.00.01 0 13 -1277 -1276.00
7007 2015.05.07 00.00.01 0 14 -1358 -1357.12
7007 2015.05.07 00.00.01 0 15 -900 -899.00
7007 2015.05.07 00.00.01 1 0 -1162 -1162.62
7007 2015.05.07 00.00.01 1 1 -1291 -1291.62
7007 2015.05.07 00.00.01 1 2 -1375 -1375.37
7007 2015.05.07 00.00.01 1 3 -1255 -1254.87
7007 2015.05.07 00.00.01 1 4 -1354 -1354.37
7007 2015.05.07 00.00.01 1 5 -1417 -1417.87
7007 2015.05.07 00.00.01 1 6 -1354 -1355.25
7007 2015.05.07 00.00.01 1 7 -900 -899.75
7007 2015.05.07 00.00.01 1 8 -900 -899.62
7007 2015.05.07 00.00.01 1 9 -1342 -1342.37
7007 2015.05.07 00.00.01 1 10 -1239 -1239.62
7007 2015.05.07 00.00.01 1 11 -1248 -1248.00
7007 2015.05.07 00.00.01 1 12 -1247 -1247.00
7007 2015.05.07 00.00.01 1 13 -1379 -1379.37
7007 2015.05.07 00.00.01 1 14 -1492 -1492.75
7007 2015.05.07 00.00.01 1 15 -900 -900.12
7007 2015.05.07 00.00.01 2 0 -1205 -1205.62
7007 2015.05.07 00.00.01 2 1 -1353 -1352.00
7007 2015.05.07 00.00.01 2 2 -1401 -1400.00
7007 2015.05.07 00.00.01 2 3 -1223 -1221.62
7007 2015.05.07 00.00.01 2 4 -1520 -1518.50
7007 2015.05.07 00.00.01 2 5 -1267 -1266.12
7007 2015.05.07 00.00.01 2 6 -1579 -1578.12
7007 2015.05.07 00.00.01 2 7 -900 -898.87
7007 2015.05.07 00.00.01 2 8 -900 -898.25
7007 2015.05.07 00.00.01 2 9 -1199 -1198.12
7007 2015.05.07 00.00.01 2 10 -1307 -1305.87
7007 2015.05.07 00.00.01 2 11 -1396 -1395.00
7007 2015.05.07 00.00.01 2 12 -1262 -1261.62
7007 2015.05.07 00.00.01 2 13 -1423 -1422.50
7007 2015.05.07 00.00.01 2 14 -1232 -1231.00
7007 2015.05.07 00.00.01 2 15 -900 -899.12
7007 2015.05.07 00.00.01 3 0 -1327 -1325.87
7007 2015.05.07 00.00.01 3 1 -1252 -1250.75
7007 2015.05.07 00.00.01 3 2 -1330 -1328.62
7007 2015.05.07 00.00.01 3 3 -1244 -1242.62
7007 2015.05.07 00.00.01 3 4 -1232 -1230.75
7007 2015.05.07 00.00.01 3 5 -1458 -1457.12
7007 2015.05.07 00.00.01 3 6 -1296 -1294.75
7007 2015.05.07 00.00.01 3 7 -900 -898.75
7007 2015.05.07 00.00.01 3 8 -900 -897.87
7007 2015.05.07 00.00.01 3 9 -1521 -1520.50
7007 2015.05.07 00.00.01 3 10 -1324 -1322.50
7007 2015.05.07 00.00.01 3 11 -1274 -1272.87
7007 2015.05.07 00.00.01 3 12 -1215 -1213.50
7007 2015.05.07 00.00.01 3 13 -1362 -1360.62
7007 2015.05.07 00.00.01 3 14 -1206 -1204.62
7007 2015.05.07 00.00.01 3 15 -900 -899.00
7007 2015.05.07 00.00.01 4 0 -1337 -1337.62
7007 2015.05.07 00.00.01 4 1 -1280 -1280.37
7007 2015.05.07 00.00.01 4 2 -1283 -1283.75
7007 2015.05.07 00.00.01 4 3 -1331 -1332.25
7007 2015.05.07 00.00.01 4 4 -1191 -1191.87
7007 2015.05.07 00.00.01 4 5 -1280 -1280.87
7007 2015.05.07 00.00.01 4 6 -1275 -1275.75
7007 2015.05.07 00.00.01 4 7 -900 -900.37
7007 2015.05.07 00.00.01 4 8 -900 -900.00
7007 2015.05.07 00.00.01 4 9 -1296 -1296.75
7007 2015.05.07 00.00.01 4 10 -1473 -1474.50
7007 2015.05.07 00.00.01 4 11 -1386 -1387.12
7007 2015.05.07 00.00.01 4 12 -1225 -1226.00
7007 2015.05.07 00.00.01 4 13 -1600 -1601.37
7007 2015.05.07 00.00.01 4 14 -1600 -1601.62
7007 2015.05.07 00.00.01 4 15 -900 -900.37
7007 2015.05.07 00.00.01 5 0 -1600 -1599.00
7007 2015.05.07 00.00.01 5 1 -1600 -1598.62
7007 2015.05.07 00.00.01 5 2 -1600 -1598.75
7007 2015.05.07 00.00.01 5 3 -1600 -1598.50
7007 2015.05.07 00.00.01 5 4 -1600 -1597.87
7007 2015.05.07 00.00.01 5 5 -1600 -1598.75
7007 2015.05.07 00.00.01 5 6 -1600 -1598.62
7007 2015.05.07 00.00.01 5 7 -900 -898.12
7007 2015.05.07 00.00.01 5 8 -900 -897.75
7007 2015.05.07 00.00.01 5 9 -1600 -1598.37
7007 2015.05.07 00.00.01 5 10 -1518 -1515.87
7007 2015.05.07 00.00.01 5 11 -1315 -1313.12
7007 2015.05.07 00.00.01 5 12 -1172 -1169.50
7007 2015.05.07 00.00.01 5 13 -1600 -1598.50
7007 2015.05.07 00.00.01 5 14 -1414 -1412.75
7007 2015.05.07 00.00.01 5 15 -900 -896.62
7007 2015.05.07 00.00.01 6 0 -1565 -1565.87
7007 2015.05.07 00.00.01 6 1 -1428 -1429.00
7007 2015.05.07 00.00.01 6 2 -1600 -1601.12
7007 2015.05.07 00.00.01 6 3 -1464 -1464.75
7007 2015.05.07 00.00.01 6 4 -1427 -1427.87
7007 2015.05.07 00.00.01 6 5 -1389 -1389.75
7007 2015.05.07 00.00.01 6 6 -1620 -1620.50
7007 2015.05.07 00.00.01 6 7 -900 -898.75
7007 2015.05.07 00.00.01 6 8 -900 -898.75
7007 2015.05.07 00.00.01 6 9 -1641 -1641.25
7007 2015.05.07 00.00.01 6 10 -1600 -1600.75
7007 2015.05.07 00.00.01 6 11 -1603 -1604.12
7007 2015.05.07 00.00.01 6 12 -1600 -1602.00
7007 2015.05.07 00.00.01 6 13 -1532 -1533.00
7007 2015.05.07 00.00.01 6 14 -1403 -1403.75
7007 2015.05.07 00.00.01 6 15 -900 -900.00
7007 2015.05.07 00.00.01 7 0 -1296 -1293.25
7007 2015.05.07 00.00.01 7 1 -1458 -1454.50
7007 2015.05.07 00.00.01 7 2 -900 -897.12
7007 2015.05.07 00.00.01 7 3 -1397 -1393.50
7007 2015.05.07 00.00.01 7 4 -1346 -1343.62
7007 2015.05.07 00.00.01 7 5 -1419 -1415.37
7007 2015.05.07 00.00.01 7 6 -1681 -1678.25
7007 2015.05.07 00.00.01 7 7 -900 -898.00
7007 2015.05.07 00.00.01 7 8 -1553 -1549.37
7007 2015.05.07 00.00.01 7 9 -1413 -1411.62
7007 2015.05.07 00.00.01 7 10 -1347 -1343.75
7007 2015.05.07 00.00.01 7 11 -1571 -1567.62
7007 2015.05.07 00.00.01 7 12 -1600 -1596.50
7007 2015.05.07 00.00.01 7 13 -1449 -1445.75
7007 2015.05.07 00.00.01 7 14 -1477 -1474.25
7007 2015.05.07 00.00.01 7 15 -900 -897.62
7007 2015.05.07 00.00.01 8 0 -1325 -1321.87
7007 2015.05.07 00.00.01 8 1 -1401 -1397.75
7007 2015.05.07 00.00.01 8 2 -1310 -1307.25
7007 2015.05.07 00.00.01 8 3 -1223 -1220.12
7007 2015.05.07 00.00.01 8 4 -1339 -1337.12
7007 2015.05.07 00.00.01 8 5 -1277 -1273.75
7007 2015.05.07 00.00.01 8 6 -1401 -1397.25
7007 2015.05.07 00.00.01 8 7 -900 -896.25
7007 2015.05.07 00.00.01 8 8 -900 -896.87
7007 2015.05.07 00.00.01 8 9 -1247 -1243.37
7007 2015.05.07 00.00.01 8 10 -1322 -1318.75
7007 2015.05.07 00.00.01 8 11 -1270 -1266.75
7007 2015.05.07 00.00.01 8 12 -1303 -1299.87
7007 2015.05.07 00.00.01 8 13 -1294 -1290.62
7007 2015.05.07 00.00.01 8 14 -1171 -1167.75
7007 2015.05.07 00.00.01 8 15 -900 -897.62
7007 2015.05.07 00.00.01 9 0 -1197 -1197.00
7007 2015.05.07 00.00.01 9 1 -1217 -1216.62
7007 2015.05.07 00.00.01 9 2 -1344 -1343.75
7007 2015.05.07 00.00.01 9 3 -1370 -1370.25
7007 2015.05.07 00.00.01 9 4 -1240 -1239.75
7007 2015.05.07 00.00.01 9 5 -1417 -1416.87
7007 2015.05.07 00.00.01 9 6 -1500 -1500.12
7007 2015.05.07 00.00.01 9 7 -900 -899.37
7007 2015.05.07 00.00.01 9 8 -900 -899.00
7007 2015.05.07 00.00.01 9 9 -1487 -1486.62
7007 2015.05.07 00.00.01 9 10 -1322 -1321.50
7007 2015.05.07 00.00.01 9 11 -1464 -1464.37
7007 2015.05.07 00.00.01 9 12 -1300 -1299.75
7007 2015.05.07 00.00.01 9 13 -1360 -1359.87
7007 2015.05.07 00.00.01 9 14 -1386 -1386.37
7007 2015.05.07 00.00.01 9 15 -900 -899.62
7007 2015.05.07 00.00.01 10 0 -1424 -1423.50
7007 2015.05.07 00.00.01 10 1 -1346 -1346.12
7007 2015.05.07 00.00.01 10 2 -1166 -1165.25
7007 2015.05.07 00.00.01 10 3 -1376 -1376.25
7007 2015.05.07 00.00.01 10 4 -1214 -1213.75
7007 2015.05.07 00.00.01 10 5 -1244 -1243.75
7007 2015.05.07 00.00.01 10 6 -1386 -1385.75
7007 2015.05.07 00.00.01 10 7 -900 -899.12
7007 2015.05.07 00.00.01 10 8 -900 -898.75
7007 2015.05.07 00.00.01 10 9 -1332 -1332.00
7007 2015.05.07 00.00.01 10 10 -1600 -1600.12
7007 2015.05.07 00.00.01 10 11 -1482 -1482.00
7007 2015.05.07 00.00.01 10 12 -1260 -1260.00
7007 2015.05.07 00.00.01 10 13 -1270 -1269.87
7007 2015.05.07 00.00.01 10 14 -1358 -1357.37
7007 2015.05.07 00.00.01 10 15 -900 -900.12
7007 2015.05.07 00.00.01 11 0 -1230 -1229.12
7007 2015.05.07 00.00.01 11 1 -1343 -1341.75
7007 2015.05.07 00.00.01 11 2 -1600 -1599.00
7007 2015.05.07 00.00.01 11 3 -900 -898.37
7007 2015.05.07 00.00.01 11 4 -1427 -1425.75
7007 2015.05.07 00.00.01 11 5 -1396 -1394.75
7007 2015.05.07 00.00.01 11 6 -1646 -1645.00
7007 2015.05.07 00.00.01 11 7 -900 -898.75
7007 2015.05.07 00.00.01 11 8 -900 -898.25
7007 2015.05.07 00.00.01 11 9 -1285 -1284.00
7007 2015.05.07 00.00.01 11 10 -1320 -1318.87
7007 2015.05.07 00.00.01 11 11 -1487 -1485.75
7007 2015.05.07 00.00.01 11 12 -1248 -1246.37
7007 2015.05.07 00.00.01 11 13 -1454 -1453.00
7007 2015.05.07 00.00.01 11 14 -1391 -1390.00
7007 2015.05.07 00.00.01 11 15 -1547 -1546.62
7007 2015.05.07 00.00.01 12 0 -900 -899.37
7007 2015.05.07 00.00.01 12 1 -1286 -1285.25
7007 2015.05.07 00.00.01 12 2 -1276 -1275.50
7007 2015.05.07 00.00.01 12 3 -1298 -1297.12
7007 2015.05.07 00.00.01 12 4 -1367 -1368.75
7007 2015.05.07 00.00.01 12 5 -1252 -1253.87
7007 2015.05.07 00.00.01 12 6 -900 -899.12
7007 2015.05.07 00.00.01 12 7 -900 -898.75
7007 2015.05.07 00.00.01 12 8 -1369 -1369.12
7007 2015.05.07 00.00.01 12 9 -1276 -1275.25
7007 2015.05.07 00.00.01 12 10 -1343 -1342.25
7007 2015.05.07 00.00.01 12 11 -1467 -1467.62
7007 2015.05.07 00.00.01 12 12 -1600 -1599.37
7007 2015.05.07 00.00.01 12 13 -1396 -1395.62
7007 2015.05.07 00.00.01 12 14 -1384 -1383.75
7007 2015.05.07 00.00.01 12 15 -1454 -1453.75
7007 2015.05.07 00.00.01 13 0 -1449 -1449.87
7007 2015.05.07 00.00.01 13 1 -1434 -1434.37
7007 2015.05.07 00.00.01 13 2 -1525 -1525.62
7007 2015.05.07 00.00.01 13 3 -1403 -1403.50
7007 2015.05.07 00.00.01 13 4 -1278 -1278.12
7007 2015.05.07 00.00.01 13 5 -1444 -1444.62
7007 2015.05.07 00.00.01 13 6 -1531 -1532.12
7007 2015.05.07 00.00.01 13 7 -900 -899.37
7007 2015.05.07 00.00.01 13 8 -900 -899.37
7007 2015.05.07 00.00.01 13 9 -1451 -1451.75
7007 2015.05.07 00.00.01 13 10 -1395 -1395.50
7007 2015.05.07 00.00.01 13 11 -1391 -1391.50
7007 2015.05.07 00.00.01 13 12 -1357 -1357.50
7007 2015.05.07 00.00.01 13 13 -1412 -1413.00
7007 2015.05.07 00.00.01 13 14 -1448 -1448.62
7007 2015.05.07 00.00.01 13 15 -900 -899.87
7007 2015.05.07 00.00.01 14 0 -1458 -1457.25
7007 2015.05.07 00.00.01 14 1 -1537 -1536.12
7007 2015.05.07 00.00.01 14 2 -1684 -1683.00
7007 2015.05.07 00.00.01 14 3 -1331 -1329.62
7007 2015.05.07 00.00.01 14 4 -1600 -1599.00
7007 2015.05.07 00.00.01 14 5 -1521 -1520.62
7007 2015.05.07 00.00.01 14 6 -1489 -1487.87
7007 2015.05.07 00.00.01 14 7 -900 -898.00
7007 2015.05.07 00.00.01 14 8 -900 -898.00
7007 2015.05.07 00.00.01 14 9 -1662 -1661.37
7007 2015.05.07 00.00.01 14 10 -1600 -1599.25
7007 2015.05.07 00.00.01 14 11 -1427 -1426.12
7007 2015.05.07 00.00.01 14 12 -1567 -1566.00
7007 2015.05.07 00.00.01 14 13 -1494 -1492.50
7007 2015.05.07 00.00.01 14 14 -1382 -1380.50
7007 2015.05.07 00.00.01 14 15 -900 -898.75
7007 2015.05.07 00.00.01 15 0 -1467 -1465.12
7007 2015.05.07 00.00.01 15 1 -1461 -1458.37
7007 2015.05.07 00.00.01 15 2 -900 -893.75
7007 2015.05.07 00.00.01 15 3 -900 -893.87
7007 2015.05.07 00.00.01 15 4 -900 -897.00
7007 2015.05.07 00.00.01 15 5 -900 -897.37
7007 2015.05.07 00.00.01 15 6 -900 -897.00
7007 2015.05.07 00.00.01 15 7 -900 -897.00
7007 2015.05.07 00.00.01 15 8 -900 -897.00
7007 2015.05.07 00.00.01 15 9 -900 -897.37
7007 2015.05.07 00.00.01 15 10 -900 -897.12
7007 2015.05.07 00.00.01 15 11 -900 -897.25
7007 2015.05.07 00.00.01 15 12 -900 -897.12
7007 2015.05.07 00.00.01 15 13 -900 -896.75
7007 2015.05.07 00.00.01 15 14 -900 -896.87
7007 2015.05.07 00.00.01 15 15 -900 -897.37
7007 2015.05.07 00.30.01 0 0 -1573 -1572.62
7007 2015.05.07 00.30.01 0 1 -1500 -1499.12
7007 2015.05.07 00.30.01 0 2 -1359 -1357.75
7007 2015.05.07 00.30.01 0 3 -1126 -1124.75
7007 2015.05.07 00.30.01 0 4 -1209 -1207.75
7007 2015.05.07 00.30.01 0 5 -1345 -1343.87
7007 2015.05.07 00.30.01 0 6 -1221 -1220.00
7007 2015.05.07 00.30.01 0 7 -900 -898.12
7007 2015.05.07 00.30.01 0 8 -900 -898.62
7007 2015.05.07 00.30.01 0 9 -1198 -1197.12
7007 2015.05.07 00.30.01 0 10 -1209 -1207.87
7007 2015.05.07 00.30.01 0 11 -1193 -1191.87
7007 2015.05.07 00.30.01 0 12 -1272 -1271.12
7007 2015.05.07 00.30.01 0 13 -1277 -1276.25
7007 2015.05.07 00.30.01 0 14 -1358 -1356.62
7007 2015.05.07 00.30.01 0 15 -900 -898.87
7007 2015.05.07 00.30.01 1 0 -1162 -1162.75
7007 2015.05.07 00.30.01 1 1 -1291 -1291.50
7007 2015.05.07 00.30.01 1 2 -1375 -1375.12
7007 2015.05.07 00.30.01 1 3 -1255 -1255.00
7007 2015.05.07 00.30.01 1 4 -1354 -1354.62
7007 2015.05.07 00.30.01 1 5 -1417 -1417.87
7007 2015.05.07 00.30.01 1 6 -1354 -1355.00
7007 2015.05.07 00.30.01 1 7 -900 -900.12
7007 2015.05.07 00.30.01 1 8 -900 -899.50
7007 2015.05.07 00.30.01 1 9 -1342 -1342.37
7007 2015.05.07 00.30.01 1 10 -1239 -1239.62
7007 2015.05.07 00.30.01 1 11 -1248 -1248.25
7007 2015.05.07 00.30.01 1 12 -1247 -1247.37
7007 2015.05.07 00.30.01 1 13 -1379 -1379.12
7007 2015.05.07 00.30.01 1 14 -1492 -1492.87
7007 2015.05.07 00.30.01 1 15 -900 -900.50
7007 2015.05.07 00.30.01 2 0 -1205 -1205.62
7007 2015.05.07 00.30.01 2 1 -1353 -1352.12
7007 2015.05.07 00.30.01 2 2 -1401 -1399.87
7007 2015.05.07 00.30.01 2 3 -1223 -1221.75
7007 2015.05.07 00.30.01 2 4 -1520 -1518.62
7007 2015.05.07 00.30.01 2 5 -1267 -1266.25
7007 2015.05.07 00.30.01 2 6 -1579 -1578.12
7007 2015.05.07 00.30.01 2 7 -900 -898.87
7007 2015.05.07 00.30.01 2 8 -900 -898.50
7007 2015.05.07 00.30.01 2 9 -1199 -1198.25
7007 2015.05.07 00.30.01 2 10 -1307 -1305.75
7007 2015.05.07 00.30.01 2 11 -1396 -1394.87
7007 2015.05.07 00.30.01 2 12 -1262 -1261.62
7007 2015.05.07 00.30.01 2 13 -1423 -1422.62
7007 2015.05.07 00.30.01 2 14 -1232 -1230.75
7007 2015.05.07 00.30.01 2 15 -900 -899.12
7007 2015.05.07 00.30.01 3 0 -1327 -1325.75
7007 2015.05.07 00.30.01 3 1 -1252 -1250.62
7007 2015.05.07 00.30.01 3 2 -1330 -1328.50
7007 2015.05.07 00.30.01 3 3 -1244 -1243.00
7007 2015.05.07 00.30.01 3 4 -1232 -1230.37
7007 2015.05.07 00.30.01 3 5 -1458 -1457.00
7007 2015.05.07 00.30.01 3 6 -1296 -1295.00
7007 2015.05.07 00.30.01 3 7 -900 -898.87
7007 2015.05.07 00.30.01 3 8 -900 -898.00
7007 2015.05.07 00.30.01 3 9 -1521 -1520.25
7007 2015.05.07 00.30.01 3 10 -1324 -1322.50
7007 2015.05.07 00.30.01 3 11 -1274 -1273.12
7007 2015.05.07 00.30.01 3 12 -1215 -1213.25
7007 2015.05.07 00.30.01 3 13 -1362 -1360.50
7007 2015.05.07 00.30.01 3 14 -1206 -1204.50
7007 2015.05.07 00.30.01 3 15 -900 -899.12
7007 2015.05.07 00.30.01 4 0 -1337 -1337.62
7007 2015.05.07 00.30.01 4 1 -1280 -1280.37
7007 2015.05.07 00.30.01 4 2 -1283 -1283.75
7007 2015.05.07 00.30.01 4 3 -1331 -1332.25
7007 2015.05.07 00.30.01 4 4 -1191 -1191.62
7007 2015.05.07 00.30.01 4 5 -1280 -1281.00
7007 2015.05.07 00.30.01 4 6 -1275 -1276.00
7007 2015.05.07 00.30.01 4 7 -900 -900.25
7007 2015.05.07 00.30.01 4 8 -900 -899.87
7007 2015.05.07 00.30.01 4 9 -1296 -1296.87
7007 2015.05.07 00.30.01 4 10 -1473 -1474.50
7007 2015.05.07 00.30.01 4 11 -1386 -1387.12
7007 2015.05.07 00.30.01 4 12 -1225 -1226.00
7007 2015.05.07 00.30.01 4 13 -1600 -1601.50
7007 2015.05.07 00.30.01 4 14 -1600 -1601.87
7007 2015.05.07 00.30.01 4 15 -900 -900.37
7007 2015.05.07 00.30.01 5 0 -1600 -1599.00
7007 2015.05.07 00.30.01 5 1 -1600 -1598.75
7007 2015.05.07 00.30.01 5 2 -1600 -1598.75
7007 2015.05.07 00.30.01 5 3 -1600 -1598.25
7007 2015.05.07 00.30.01 5 4 -1600 -1598.12
7007 2015.05.07 00.30.01 5 5 -1600 -1598.87
7007 2015.05.07 00.30.01 5 6 -1600 -1598.50
7007 2015.05.07 00.30.01 5 7 -900 -898.00
7007 2015.05.07 00.30.01 5 8 -900 -897.75
7007 2015.05.07 00.30.01 5 9 -1600 -1598.50
7007 2015.05.07 00.30.01 5 10 -1518 -1515.75
7007 2015.05.07 00.30.01 5 11 -1315 -1313.00
7007 2015.05.07 00.30.01 5 12 -1172 -1169.75
7007 2015.05.07 00.30.01 5 13 -1600 -1598.62
7007 2015.05.07 00.30.01 5 14 -1414 -1412.75
7007 2015.05.07 00.30.01 5 15 -900 -896.50
7007 2015.05.07 00.30.01 6 0 -1565 -1565.75
7007 2015.05.07 00.30.01 6 1 -1428 -1428.87
7007 2015.05.07 00.30.01 6 2 -1600 -1601.00
7007 2015.05.07 00.30.01 6 3 -1464 -1464.75
7007 2015.05.07 00.30.01 6 4 -1427 -1428.00
7007 2015.05.07 00.30.01 6 5 -1389 -1389.37
7007 2015.05.07 00.30.01 6 6 -1620 -1620.50
7007 2015.05.07 00.30.01 6 7 -900 -898.87
7007 2015.05.07 00.30.01 6 8 -900 -898.62
7007 2015.05.07 00.30.01 6 9 -1641 -1641.00
7007 2015.05.07 00.30.01 6 10 -1600 -1600.50
7007 2015.05.07 00.30.01 6 11 -1603 -1604.12
7007 2015.05.07 00.30.01 6 12 -1600 -1602.12
7007 2015.05.07 00.30.01 6 13 -1532 -1532.87
7007 2015.05.07 00.30.01 6 14 -1403 -1403.62
7007 2015.05.07 00.30.01 6 15 -900 -900.00
7007 2015.05.07 00.30.01 7 0 -1296 -1292.87
7007 2015.05.07 00.30.01 7 1 -1458 -1454.50
7007 2015.05.07 00.30.01 7 2 -900 -898.50
7007 2015.05.07 00.30.01 7 3 -1397 -1393.75
7007 2015.05.07 00.30.01 7 4 -1346 -1343.25
7007 2015.05.07 00.30.01 7 5 -1419 -1415.25
7007 2015.05.07 00.30.01 7 6 -1681 -1678.75
7007 2015.05.07 00.30.01 7 7 -900 -893.75
7007 2015.05.07 00.30.01 7 8 -1553 -1548.75
7007 2015.05.07 00.30.01 7 9 -1413 -1411.50
7007 2015.05.07 00.30.01 7 10 -1347 -1344.00
7007 2015.05.07 00.30.01 7 11 -1571 -1567.62
7007 2015.05.07 00.30.01 7 12 -1600 -1596.50
7007 2015.05.07 00.30.01 7 13 -1449 -1445.75
7007 2015.05.07 00.30.01 7 14 -1477 -1474.25
7007 2015.05.07 00.30.01 7 15 -900 -897.62
7007 2015.05.07 00.30.01 8 0 -1325 -1321.75
7007 2015.05.07 00.30.01 8 1 -1401 -1398.12
7007 2015.05.07 00.30.01 8 2 -1310 -1307.25
7007 2015.05.07 00.30.01 8 3 -1223 -1219.87
7007 2015.05.07 00.30.01 8 4 -1339 -1336.87
7007 2015.05.07 00.30.01 8 5 -1277 -1274.00
7007 2015.05.07 00.30.01 8 6 -1401 -1397.25
7007 2015.05.07 00.30.01 8 7 -900 -896.12
7007 2015.05.07 00.30.01 8 8 -900 -896.87
7007 2015.05.07 00.30.01 8 9 -1247 -1243.62
7007 2015.05.07 00.30.01 8 10 -1322 -1318.75
7007 2015.05.07 00.30.01 8 11 -1270 -1266.50
7007 2015.05.07 00.30.01 8 12 -1303 -1299.87
7007 2015.05.07 00.30.01 8 13 -1294 -1290.62
7007 2015.05.07 00.30.01 8 14 -1171 -1167.75
7007 2015.05.07 00.30.01 8 15 -900 -897.37
7007 2015.05.07 00.30.01 9 0 -1197 -1197.12
7007 2015.05.07 00.30.01 9 1 -1217 -1216.75
7007 2015.05.07 00.30.01 9 2 -1344 -1343.50
7007 2015.05.07 00.30.01 9 3 -1370 -1370.12
7007 2015.05.07 00.30.01 9 4 -1240 -1239.75
7007 2015.05.07 00.30.01 9 5 -1417 -1416.87
7007 2015.05.07 00.30.01 9 6 -1500 -1500.25
7007 2015.05.07 00.30.01 9 7 -900 -899.37
7007 2015.05.07 00.30.01 9 8 -900 -899.12
7007 2015.05.07 00.30.01 9 9 -1487 -1486.75
7007 2015.05.07 00.30.01 9 10 -1322 -1321.62
7007 2015.05.07 00.30.01 9 11 -1464 -1464.25
7007 2015.05.07 00.30.01 9 12 -1300 -1299.75
7007 2015.05.07 00.30.01 9 13 -1360 -1359.87
7007 2015.05.07 00.30.01 9 14 -1386 -1386.25
7007 2015.05.07 00.30.01 9 15 -900 -899.50
7007 2015.05.07 00.30.01 10 0 -1424 -1423.50
7007 2015.05.07 00.30.01 10 1 -1346 -1345.87
7007 2015.05.07 00.30.01 10 2 -1166 -1165.25
7007 2015.05.07 00.30.01 10 3 -1376 -1376.50
7007 2015.05.07 00.30.01 10 4 -1214 -1213.87
7007 2015.05.07 00.30.01 10 5 -1244 -1243.62
7007 2015.05.07 00.30.01 10 6 -1386 -1385.87
7007 2015.05.07 00.30.01 10 7 -900 -899.12
7007 2015.05.07 00.30.01 10 8 -900 -898.75
7007 2015.05.07 00.30.01 10 9 -1332 -1331.87
7007 2015.05.07 00.30.01 10 10 -1600 -1600.00
7007 2015.05.07 00.30.01 10 11 -1482 -1482.12
7007 2015.05.07 00.30.01 10 12 -1260 -1259.62
7007 2015.05.07 00.30.01 10 13 -1270 -1269.62
7007 2015.05.07 00.30.01 10 14 -1358 -1357.62
7007 2015.05.07 00.30.01 10 15 -900 -900.00
7007 2015.05.07 00.30.01 11 0 -1230 -1229.25
7007 2015.05.07 00.30.01 11 1 -1343 -1341.37
7007 2015.05.07 00.30.01 11 2 -1600 -1599.12
7007 2015.05.07 00.30.01 11 3 -900 -898.50
7007 2015.05.07 00.30.01 11 4 -1427 -1426.00
7007 2015.05.07 00.30.01 11 5 -1396 -1394.87
7007 2015.05.07 00.30.01 11 6 -1646 -1645.00
7007 2015.05.07 00.30.01 11 7 -900 -898.75
7007 2015.05.07 00.30.01 11 8 -900 -898.62
7007 2015.05.07 00.30.01 11 9 -1285 -1283.87
7007 2015.05.07 00.30.01 11 10 -1320 -1318.75
7007 2015.05.07 00.30.01 11 11 -1487 -1485.75
7007 2015.05.07 00.30.01 11 12 -1248 -1246.37
7007 2015.05.07 00.30.01 11 13 -1454 -1452.75
7007 2015.05.07 00.30.01 11 14 -1391 -1389.87
7007 2015.05.07 00.30.01 11 15 -1547 -1546.62
7007 2015.05.07 00.30.01 12 0 -900 -899.25
7007 2015.05.07 00.30.01 12 1 -1286 -1285.12
7007 2015.05.07 00.30.01 12 2 -1276 -1275.50
7007 2015.05.07 00.30.01 12 3 -1298 -1297.25
7007 2015.05.07 00.30.01 12 4 -1367 -1368.87
7007 2015.05.07 00.30.01 12 5 -1252 -1253.87
7007 2015.05.07 00.30.01 12 6 -900 -899.12
7007 2015.05.07 00.30.01 12 7 -900 -898.62
7007 2015.05.07 00.30.01 12 8 -1369 -1369.25
7007 2015.05.07 00.30.01 12 9 -1276 -1275.12
7007 2015.05.07 00.30.01 12 10 -1343 -1342.25
7007 2015.05.07 00.30.01 12 11 -1467 -1467.87
7007 2015.05.07 00.30.01 12 12 -1600 -1599.37
7007 2015.05.07 00.30.01 12 13 -1396 -1395.50
7007 2015.05.07 00.30.01 12 14 -1384 -1384.00
7007 2015.05.07 00.30.01 12 15 -1454 -1453.87
7007 2015.05.07 00.30.01 13 0 -1449 -1449.75
7007 2015.05.07 00.30.01 13 1 -1434 -1434.37
7007 2015.05.07 00.30.01 13 2 -1525 -1525.75
7007 2015.05.07 00.30.01 13 3 -1403 -1403.62
7007 2015.05.07 00.30.01 13 4 -1278 -1278.00
7007 2015.05.07 00.30.01 13 5 -1444 -1444.75
7007 2015.05.07 00.30.01 13 6 -1531 -1532.12
7007 2015.05.07 00.30.01 13 7 -900 -899.50
7007 2015.05.07 00.30.01 13 8 -900 -899.37
7007 2015.05.07 00.30.01 13 9 -1451 -1451.75
7007 2015.05.07 00.30.01 13 10 -1395 -1395.75
7007 2015.05.07 00.30.01 13 11 -1391 -1391.37
7007 2015.05.07 00.30.01 13 12 -1357 -1357.50
7007 2015.05.07 00.30.01 13 13 -1412 -1413.00
7007 2015.05.07 00.30.01 13 14 -1448 -1448.75
7007 2015.05.07 00.30.01 13 15 -900 -899.75
7007 2015.05.07 00.30.01 14 0 -1458 -1457.25
7007 2015.05.07 00.30.01 14 1 -1537 -1536.12
7007 2015.05.07 00.30.01 14 2 -1684 -1682.87
7007 2015.05.07 00.30.01 14 3 -1331 -1329.62
7007 2015.05.07 00.30.01 14 4 -1600 -1598.75
7007 2015.05.07 00.30.01 14 5 -1521 -1520.50
7007 2015.05.07 00.30.01 14 6 -1489 -1488.00
7007 2015.05.07 00.30.01 14 7 -900 -898.00
7007 2015.05.07 00.30.01 14 8 -900 -897.62
7007 2015.05.07 00.30.01 14 9 -1662 -1661.50
7007 2015.05.07 00.30.01 14 10 -1600 -1599.12
7007 2015.05.07 00.30.01 14 11 -1427 -1425.87
7007 2015.05.07 00.30.01 14 12 -1567 -1566.12
7007 2015.05.07 00.30.01 14 13 -1494 -1492.25
7007 2015.05.07 00.30.01 14 14 -1382 -1380.50
7007 2015.05.07 00.30.01 14 15 -900 -898.75
7007 2015.05.07 00.30.01 15 0 -1467 -1465.12
7007 2015.05.07 00.30.01 15 1 -1461 -1458.62
7007 2015.05.07 00.30.01 15 2 -900 -888.87
7007 2015.05.07 00.30.01 15 3 -900 -899.25
7007 2015.05.07 00.30.01 15 4 -900 -897.12
7007 2015.05.07 00.30.01 15 5 -900 -897.37
7007 2015.05.07 00.30.01 15 6 -900 -897.00
7007 2015.05.07 00.30.01 15 7 -900 -897.12
7007 2015.05.07 00.30.01 15 8 -900 -896.75
7007 2015.05.07 00.30.01 15 9 -900 -897.37
7007 2015.05.07 00.30.01 15 10 -900 -897.12
7007 2015.05.07 00.30.01 15 11 -900 -897.12
7007 2015.05.07 00.30.01 15 12 -900 -897.12
7007 2015.05.07 00.30.01 15 13 -900 -896.87
7007 2015.05.07 00.30.01 15 14 -900 -897.12
7007 2015.05.07 00.30.01 15 15 -900 -897.37
7008 2015.05.07 00.00.01 0 0 -1507 -1511.37
7008 2015.05.07 00.00.01 0 1 -1611 -1615.25
7008 2015.05.07 00.00.01 0 2 -1569 -1573.25
7008 2015.05.07 00.00.01 0 3 -1600 -1604.75
7008 2015.05.07 00.00.01 0 4 -1488 -1492.50
7008 2015.05.07 00.00.01 0 5 -1461 -1465.75
7008 2015.05.07 00.00.01 0 6 -1549 -1553.50
7008 2015.05.07 00.00.01 0 7 -900 -904.00
7008 2015.05.07 00.00.01 0 8 -900 -904.50
7008 2015.05.07 00.00.01 0 9 -1662 -1666.75
7008 2015.05.07 00.00.01 0 10 -1556 -1560.75
7008 2015.05.07 00.00.01 0 11 -1394 -1398.12
7008 2015.05.07 00.00.01 0 12 -1429 -1432.62
7008 2015.05.07 00.00.01 0 13 -1439 -1443.12
7008 2015.05.07 00.00.01 0 14 -1479 -1483.50
7008 2015.05.07 00.00.01 0 15 -900 -904.75
7008 2015.05.07 00.00.01 1 0 -1420 -1426.87
7008 2015.05.07 00.00.01 1 1 -1505 -1512.12
7008 2015.05.07 00.00.01 1 2 -1375 -1382.00
7008 2015.05.07 00.00.01 1 3 -1383 -1389.62
7008 2015.05.07 00.00.01 1 4 -1600 -1606.12
7008 2015.05.07 00.00.01 1 5 -1441 -1447.50
7008 2015.05.07 00.00.01 1 6 -1351 -1357.62
7008 2015.05.07 00.00.01 1 7 -900 -906.25
7008 2015.05.07 00.00.01 1 8 -900 -906.00
7008 2015.05.07 00.00.01 1 9 -1496 -1503.12
7008 2015.05.07 00.00.01 1 10 -1270 -1276.50
7008 2015.05.07 00.00.01 1 11 -1202 -1208.50
7008 2015.05.07 00.00.01 1 12 -1293 -1299.62
7008 2015.05.07 00.00.01 1 13 -1321 -1327.62
7008 2015.05.07 00.00.01 1 14 -1237 -1243.87
7008 2015.05.07 00.00.01 1 15 -900 -906.75
7008 2015.05.07 00.00.01 2 0 -1314 -1320.87
7008 2015.05.07 00.00.01 2 1 -1264 -1270.50
7008 2015.05.07 00.00.01 2 2 -1321 -1327.75
7008 2015.05.07 00.00.01 2 3 -1465 -1472.12
7008 2015.05.07 00.00.01 2 4 -1482 -1489.12
7008 2015.05.07 00.00.01 2 5 -1424 -1431.25
7008 2015.05.07 00.00.01 2 6 -1545 -1552.50
7008 2015.05.07 00.00.01 2 7 -900 -905.62
7008 2015.05.07 00.00.01 2 8 -900 -905.50
7008 2015.05.07 00.00.01 2 9 -1330 -1336.25
7008 2015.05.07 00.00.01 2 10 -1243 -1249.62
7008 2015.05.07 00.00.01 2 11 -1363 -1370.00
7008 2015.05.07 00.00.01 2 12 -1380 -1387.00
7008 2015.05.07 00.00.01 2 13 -900 -905.37
7008 2015.05.07 00.00.01 2 14 -1359 -1365.87
7008 2015.05.07 00.00.01 2 15 -900 -906.62
7008 2015.05.07 00.00.01 3 0 -1545 -1546.37
7008 2015.05.07 00.00.01 3 1 -1456 -1457.87
7008 2015.05.07 00.00.01 3 2 -1393 -1394.87
7008 2015.05.07 00.00.01 3 3 -1631 -1632.12
7008 2015.05.07 00.00.01 3 4 -1448 -1449.62
7008 2015.05.07 00.00.01 3 5 -1327 -1329.62
7008 2015.05.07 00.00.01 3 6 -1247 -1249.00
7008 2015.05.07 00.00.01 3 7 -900 -903.12
7008 2015.05.07 00.00.01 3 8 -900 -903.12
7008 2015.05.07 00.00.01 3 9 -1322 -1324.37
7008 2015.05.07 00.00.01 3 10 -1347 -1349.12
7008 2015.05.07 00.00.01 3 11 -1259 -1261.00
7008 2015.05.07 00.00.01 3 12 -1256 -1257.50
7008 2015.05.07 00.00.01 3 13 -1422 -1423.87
7008 2015.05.07 00.00.01 3 14 -1487 -1488.50
7008 2015.05.07 00.00.01 3 15 -900 -903.37
7008 2015.05.07 00.00.01 4 0 -1294 -1294.87
7008 2015.05.07 00.00.01 4 1 -1372 -1372.37
7008 2015.05.07 00.00.01 4 2 -1605 -1604.87
7008 2015.05.07 00.00.01 4 3 -1435 -1435.12
7008 2015.05.07 00.00.01 4 4 -1373 -1373.25
7008 2015.05.07 00.00.01 4 5 -1620 -1619.87
7008 2015.05.07 00.00.01 4 6 -1564 -1563.87
7008 2015.05.07 00.00.01 4 7 -900 -902.12
7008 2015.05.07 00.00.01 4 8 -900 -901.12
7008 2015.05.07 00.00.01 4 9 -1646 -1645.37
7008 2015.05.07 00.00.01 4 10 -1346 -1346.25
7008 2015.05.07 00.00.01 4 11 -1415 -1415.50
7008 2015.05.07 00.00.01 4 12 -1470 -1469.87
7008 2015.05.07 00.00.01 4 13 0 -142.87
7008 2015.05.07 00.00.01 4 14 -1330 -1330.00
7008 2015.05.07 00.00.01 4 15 -900 -901.87
7008 2015.05.07 00.00.01 5 0 -1364 -1365.50
7008 2015.05.07 00.00.01 5 1 -1364 -1365.50
7008 2015.05.07 00.00.01 5 2 -1430 -1431.50
7008 2015.05.07 00.00.01 5 3 -1413 -1414.37
7008 2015.05.07 00.00.01 5 4 -1323 -1325.50
7008 2015.05.07 00.00.01 5 5 -1312 -1313.37
7008 2015.05.07 00.00.01 5 6 -1503 -1503.87
7008 2015.05.07 00.00.01 5 7 -900 -902.75
7008 2015.05.07 00.00.01 5 8 -900 -902.25
7008 2015.05.07 00.00.01 5 9 -1406 -1407.50
7008 2015.05.07 00.00.01 5 10 -1389 -1391.00
7008 2015.05.07 00.00.01 5 11 -1475 -1476.12
7008 2015.05.07 00.00.01 5 12 -1390 -1391.37
7008 2015.05.07 00.00.01 5 13 -900 -901.75
7008 2015.05.07 00.00.01 5 14 -1380 -1381.75
7008 2015.05.07 00.00.01 5 15 -1365 -1367.37
7008 2015.05.07 00.00.01 6 0 -1429 -1430.50
7008 2015.05.07 00.00.01 6 1 -1600 -1601.00
7008 2015.05.07 00.00.01 6 2 -1648 -1649.00
7008 2015.05.07 00.00.01 6 3 -1412 -1413.37
7008 2015.05.07 00.00.01 6 4 -1600 -1601.12
7008 2015.05.07 00.00.01 6 5 -1575 -1576.12
7008 2015.05.07 00.00.01 6 6 -1386 -1387.50
7008 2015.05.07 00.00.01 6 7 -900 -904.37
7008 2015.05.07 00.00.01 6 8 -900 -902.50
7008 2015.05.07 00.00.01 6 9 -1492 -1492.50
7008 2015.05.07 00.00.01 6 10 -1621 -1622.50
7008 2015.05.07 00.00.01 6 11 -900 -902.87
7008 2015.05.07 00.00.01 6 12 -1412 -1412.87
7008 2015.05.07 00.00.01 6 13 -1281 -1283.62
7008 2015.05.07 00.00.01 6 14 -1396 -1397.87
7008 2015.05.07 00.00.01 6 15 -900 -903.37
7008 2015.05.07 00.00.01 7 0 -1506 -1510.62
7008 2015.05.07 00.00.01 7 1 -1373 -1377.62
7008 2015.05.07 00.00.01 7 2 -1501 -1505.75
7008 2015.05.07 00.00.01 7 3 -1502 -1507.25
7008 2015.05.07 00.00.01 7 4 -1483 -1487.00
7008 2015.05.07 00.00.01 7 5 -1242 -1246.87
7008 2015.05.07 00.00.01 7 6 -1571 -1575.50
7008 2015.05.07 00.00.01 7 7 -900 -904.62
7008 2015.05.07 00.00.01 7 8 -900 -904.75
7008 2015.05.07 00.00.01 7 9 -1495 -1500.12
7008 2015.05.07 00.00.01 7 10 -1600 -1605.50
7008 2015.05.07 00.00.01 7 11 -1358 -1363.87
7008 2015.05.07 00.00.01 7 12 -1521 -1526.50
7008 2015.05.07 00.00.01 7 13 -1366 -1371.12
7008 2015.05.07 00.00.01 7 14 -1386 -1391.00
7008 2015.05.07 00.00.01 7 15 -900 -905.12
7008 2015.05.07 00.00.01 8 0 -1547 -1552.62
7008 2015.05.07 00.00.01 8 1 -1273 -1279.00
7008 2015.05.07 00.00.01 8 2 -1299 -1305.12
7008 2015.05.07 00.00.01 8 3 -1529 -1534.87
7008 2015.05.07 00.00.01 8 4 -1691 -1696.87
7008 2015.05.07 00.00.01 8 5 -1353 -1359.12
7008 2015.05.07 00.00.01 8 6 -1384 -1389.87
7008 2015.05.07 00.00.01 8 7 -900 -905.50
7008 2015.05.07 00.00.01 8 8 -900 -905.50
7008 2015.05.07 00.00.01 8 9 -1380 -1385.75
7008 2015.05.07 00.00.01 8 10 -1474 -1479.62
7008 2015.05.07 00.00.01 8 11 -1526 -1532.12
7008 2015.05.07 00.00.01 8 12 -1521 -1526.87
7008 2015.05.07 00.00.01 8 13 -1330 -1336.25
7008 2015.05.07 00.00.01 8 14 -1611 -1616.50
7008 2015.05.07 00.00.01 8 15 -900 -905.87
7008 2015.05.07 00.00.01 9 0 -1638 -1644.12
7008 2015.05.07 00.00.01 9 1 -1424 -1429.25
7008 2015.05.07 00.00.01 9 2 -1402 -1407.37
7008 2015.05.07 00.00.01 9 3 -1365 -1370.87
7008 2015.05.07 00.00.01 9 4 -1379 -1384.12
7008 2015.05.07 00.00.01 9 5 -1448 -1453.37
7008 2015.05.07 00.00.01 9 6 -1414 -1420.50
7008 2015.05.07 00.00.01 9 7 -900 -902.00
7008 2015.05.07 00.00.01 9 8 -900 -904.87
7008 2015.05.07 00.00.01 9 9 -1596 -1602.12
7008 2015.05.07 00.00.01 9 10 -1567 -1572.75
7008 2015.05.07 00.00.01 9 11 -1410 -1416.00
7008 2015.05.07 00.00.01 9 12 -1615 -1621.25
7008 2015.05.07 00.00.01 9 13 -1600 -1605.87
7008 2015.05.07 00.00.01 9 14 -1661 -1667.12
7008 2015.05.07 00.00.01 9 15 -900 -905.00
7008 2015.05.07 00.00.01 10 0 -1389 -1388.87
7008 2015.05.07 00.00.01 10 1 -1442 -1441.50
7008 2015.05.07 00.00.01 10 2 -1421 -1420.62
7008 2015.05.07 00.00.01 10 3 -1600 -1598.62
7008 2015.05.07 00.00.01 10 4 -1409 -1408.25
7008 2015.05.07 00.00.01 10 5 -1259 -1259.00
7008 2015.05.07 00.00.01 10 6 -1265 -1265.62
7008 2015.05.07 00.00.01 10 7 -900 -902.00
7008 2015.05.07 00.00.01 10 8 -900 -901.75
7008 2015.05.07 00.00.01 10 9 -1558 -1557.62
7008 2015.05.07 00.00.01 10 10 -1389 -1389.12
7008 2015.05.07 00.00.01 10 11 -1539 -1537.87
7008 2015.05.07 00.00.01 10 12 -1555 -1554.25
7008 2015.05.07 00.00.01 10 13 -1358 -1357.87
7008 2015.05.07 00.00.01 10 14 -1522 -1522.12
7008 2015.05.07 00.00.01 10 15 -900 -901.37
7008 2015.05.07 00.00.01 11 0 -1331 -1336.87
7008 2015.05.07 00.00.01 11 1 -1559 -1564.75
7008 2015.05.07 00.00.01 11 2 -1642 -1648.37
7008 2015.05.07 00.00.01 11 3 -1665 -1671.25
7008 2015.05.07 00.00.01 11 4 -1646 -1651.62
7008 2015.05.07 00.00.01 11 5 -1360 -1365.75
7008 2015.05.07 00.00.01 11 6 -1376 -1382.25
7008 2015.05.07 00.00.01 11 7 -900 -905.12
7008 2015.05.07 00.00.01 11 8 -900 -904.50
7008 2015.05.07 00.00.01 11 9 -1600 -1606.50
7008 2015.05.07 00.00.01 11 10 -1395 -1400.50
7008 2015.05.07 00.00.01 11 11 -1634 -1640.12
7008 2015.05.07 00.00.01 11 12 -1394 -1399.37
7008 2015.05.07 00.00.01 11 13 -1296 -1302.12
7008 2015.05.07 00.00.01 11 14 -1591 -1597.12
7008 2015.05.07 00.00.01 11 15 -900 -905.50
7008 2015.05.07 00.00.01 12 0 -1312 -1312.75
7008 2015.05.07 00.00.01 12 1 -1455 -1455.50
7008 2015.05.07 00.00.01 12 2 -1508 -1508.00
7008 2015.05.07 00.00.01 12 3 -1431 -1431.62
7008 2015.05.07 00.00.01 12 4 -1520 -1519.75
7008 2015.05.07 00.00.01 12 5 -1580 -1579.75
7008 2015.05.07 00.00.01 12 6 -1290 -1290.87
7008 2015.05.07 00.00.01 12 7 -900 -902.00
7008 2015.05.07 00.00.01 12 8 -900 -901.87
7008 2015.05.07 00.00.01 12 9 -1272 -1272.87
7008 2015.05.07 00.00.01 12 10 -1204 -1204.75
7008 2015.05.07 00.00.01 12 11 -1338 -1338.75
7008 2015.05.07 00.00.01 12 12 -1319 -1319.87
7008 2015.05.07 00.00.01 12 13 -1291 -1291.87
7008 2015.05.07 00.00.01 12 14 -1345 -1345.75
7008 2015.05.07 00.00.01 12 15 -900 -902.12
7008 2015.05.07 00.00.01 13 0 -1509 -1506.87
7008 2015.05.07 00.00.01 13 1 -1631 -1628.87
7008 2015.05.07 00.00.01 13 2 -1668 -1665.62
7008 2015.05.07 00.00.01 13 3 -1344 -1343.25
7008 2015.05.07 00.00.01 13 4 -1215 -1214.12
7008 2015.05.07 00.00.01 13 5 -1318 -1316.37
7008 2015.05.07 00.00.01 13 6 -1284 -1283.62
7008 2015.05.07 00.00.01 13 7 -900 -900.50
7008 2015.05.07 00.00.01 13 8 -900 -900.62
7008 2015.05.07 00.00.01 13 9 -1558 -1556.25
7008 2015.05.07 00.00.01 13 10 -1339 -1337.62
7008 2015.05.07 00.00.01 13 11 -1253 -1252.00
7008 2015.05.07 00.00.01 13 12 -1285 -1284.62
7008 2015.05.07 00.00.01 13 13 -1306 -1304.75
7008 2015.05.07 00.00.01 13 14 -1311 -1309.87
7008 2015.05.07 00.00.01 13 15 -900 -900.12
7008 2015.05.07 00.00.01 14 0 -1365 -1364.50
7008 2015.05.07 00.00.01 14 1 -900 -901.25
7008 2015.05.07 00.00.01 14 2 -1600 -1599.25
7008 2015.05.07 00.00.01 14 3 -1211 -1211.37
7008 2015.05.07 00.00.01 14 4 -1254 -1254.12
7008 2015.05.07 00.00.01 14 5 -1250 -1251.00
7008 2015.05.07 00.00.01 14 6 -1403 -1402.75
7008 2015.05.07 00.00.01 14 7 -1610 -1609.00
7008 2015.05.07 00.00.01 14 8 -900 -901.00
7008 2015.05.07 00.00.01 14 9 -1524 -1523.12
7008 2015.05.07 00.00.01 14 10 -1375 -1374.62
7008 2015.05.07 00.00.01 14 11 -1428 -1427.50
7008 2015.05.07 00.00.01 14 12 -1441 -1440.37
7008 2015.05.07 00.00.01 14 13 -1489 -1488.12
7008 2015.05.07 00.00.01 14 14 -1527 -1526.12
7008 2015.05.07 00.00.01 14 15 -900 -901.50
7008 2015.05.07 00.00.01 15 0 -1516 -1520.75
7008 2015.05.07 00.00.01 15 1 -1610 -1614.50
7008 2015.05.07 00.00.01 15 2 -1556 -1560.87
7008 2015.05.07 00.00.01 15 3 -900 -904.50
7008 2015.05.07 00.00.01 15 4 -900 -905.25
7008 2015.05.07 00.00.01 15 5 -900 -904.37
7008 2015.05.07 00.00.01 15 6 -900 -904.75
7008 2015.05.07 00.00.01 15 7 -900 -904.75
7008 2015.05.07 00.00.01 15 8 -900 -904.25
7008 2015.05.07 00.00.01 15 9 -900 -904.12
7008 2015.05.07 00.00.01 15 10 -900 -904.25
7008 2015.05.07 00.00.01 15 11 -900 -904.75
7008 2015.05.07 00.00.01 15 12 -900 -904.50
7008 2015.05.07 00.00.01 15 13 -900 -904.62
7008 2015.05.07 00.00.01 15 14 -900 -904.75
7008 2015.05.07 00.00.01 15 15 -1522 -1527.37
7008 2015.05.07 00.30.01 0 0 -1507 -1511.50
7008 2015.05.07 00.30.01 0 1 -1611 -1615.50
7008 2015.05.07 00.30.01 0 2 -1569 -1573.00
7008 2015.05.07 00.30.01 0 3 -1600 -1604.75
7008 2015.05.07 00.30.01 0 4 -1488 -1492.75
7008 2015.05.07 00.30.01 0 5 -1461 -1465.75
7008 2015.05.07 00.30.01 0 6 -1549 -1553.75
7008 2015.05.07 00.30.01 0 7 -900 -904.12
7008 2015.05.07 00.30.01 0 8 -900 -904.25
7008 2015.05.07 00.30.01 0 9 -1662 -1666.62
7008 2015.05.07 00.30.01 0 10 -1556 -1560.75
7008 2015.05.07 00.30.01 0 11 -1394 -1398.25
7008 2015.05.07 00.30.01 0 12 -1429 -1432.87
7008 2015.05.07 00.30.01 0 13 -1439 -1443.00
7008 2015.05.07 00.30.01 0 14 -1479 -1483.50
7008 2015.05.07 00.30.01 0 15 -900 -904.50
7008 2015.05.07 00.30.01 1 0 -1420 -1427.00
7008 2015.05.07 00.30.01 1 1 -1505 -1511.87
7008 2015.05.07 00.30.01 1 2 -1375 -1381.75
7008 2015.05.07 00.30.01 1 3 -1383 -1389.62
7008 2015.05.07 00.30.01 1 4 -1600 -1606.50
7008 2015.05.07 00.30.01 1 5 -1441 -1447.50
7008 2015.05.07 00.30.01 1 6 -1351 -1357.50
7008 2015.05.07 00.30.01 1 7 -900 -906.12
7008 2015.05.07 00.30.01 1 8 -900 -906.12
7008 2015.05.07 00.30.01 1 9 -1496 -1503.00
7008 2015.05.07 00.30.01 1 10 -1270 -1276.62
7008 2015.05.07 00.30.01 1 11 -1202 -1208.50
7008 2015.05.07 00.30.01 1 12 -1293 -1299.50
7008 2015.05.07 00.30.01 1 13 -1321 -1327.50
7008 2015.05.07 00.30.01 1 14 -1237 -1243.62
7008 2015.05.07 00.30.01 1 15 -900 -906.87
7008 2015.05.07 00.30.01 2 0 -1314 -1320.75
7008 2015.05.07 00.30.01 2 1 -1264 -1270.25
7008 2015.05.07 00.30.01 2 2 -1321 -1327.75
7008 2015.05.07 00.30.01 2 3 -1465 -1472.37
7008 2015.05.07 00.30.01 2 4 -1482 -1489.12
7008 2015.05.07 00.30.01 2 5 -1424 -1431.12
7008 2015.05.07 00.30.01 2 6 -1545 -1552.37
7008 2015.05.07 00.30.01 2 7 -900 -905.62
7008 2015.05.07 00.30.01 2 8 -900 -905.25
7008 2015.05.07 00.30.01 2 9 -1330 -1336.12
7008 2015.05.07 00.30.01 2 10 -1243 -1249.62
7008 2015.05.07 00.30.01 2 11 -1363 -1369.87
7008 2015.05.07 00.30.01 2 12 -1380 -1386.87
7008 2015.05.07 00.30.01 2 13 -900 -905.25
7008 2015.05.07 00.30.01 2 14 -1359 -1365.75
7008 2015.05.07 00.30.01 2 15 -900 -906.37
7008 2015.05.07 00.30.01 3 0 -1545 -1546.37
7008 2015.05.07 00.30.01 3 1 -1456 -1457.75
7008 2015.05.07 00.30.01 3 2 -1393 -1394.87
7008 2015.05.07 00.30.01 3 3 -1631 -1632.12
7008 2015.05.07 00.30.01 3 4 -1448 -1449.50
7008 2015.05.07 00.30.01 3 5 -1327 -1329.75
7008 2015.05.07 00.30.01 3 6 -1247 -1248.87
7008 2015.05.07 00.30.01 3 7 -900 -903.00
7008 2015.05.07 00.30.01 3 8 -900 -903.12
7008 2015.05.07 00.30.01 3 9 -1322 -1324.25
7008 2015.05.07 00.30.01 3 10 -1347 -1349.00
7008 2015.05.07 00.30.01 3 11 -1259 -1261.12
7008 2015.05.07 00.30.01 3 12 -1256 -1257.50
7008 2015.05.07 00.30.01 3 13 -1422 -1424.12
7008 2015.05.07 00.30.01 3 14 -1487 -1488.50
7008 2015.05.07 00.30.01 3 15 -900 -903.12
7008 2015.05.07 00.30.01 4 0 -1294 -1294.62
7008 2015.05.07 00.30.01 4 1 -1372 -1372.25
7008 2015.05.07 00.30.01 4 2 -1605 -1604.87
7008 2015.05.07 00.30.01 4 3 -1435 -1435.25
7008 2015.05.07 00.30.01 4 4 -1373 -1373.12
7008 2015.05.07 00.30.01 4 5 -1620 -1619.62
7008 2015.05.07 00.30.01 4 6 -1564 -1564.00
7008 2015.05.07 00.30.01 4 7 -900 -902.00
7008 2015.05.07 00.30.01 4 8 -900 -901.12
7008 2015.05.07 00.30.01 4 9 -1646 -1645.25
7008 2015.05.07 00.30.01 4 10 -1346 -1346.50
7008 2015.05.07 00.30.01 4 11 -1415 -1415.37
7008 2015.05.07 00.30.01 4 12 -1470 -1469.87
7008 2015.05.07 00.30.01 4 13 0 -142.50
7008 2015.05.07 00.30.01 4 14 -1330 -1330.00
7008 2015.05.07 00.30.01 4 15 -900 -901.75
7008 2015.05.07 00.30.01 5 0 -1364 -1365.62
7008 2015.05.07 00.30.01 5 1 -1364 -1365.50
7008 2015.05.07 00.30.01 5 2 -1430 -1431.37
7008 2015.05.07 00.30.01 5 3 -1413 -1414.25
7008 2015.05.07 00.30.01 5 4 -1323 -1325.50
7008 2015.05.07 00.30.01 5 5 -1312 -1313.37
7008 2015.05.07 00.30.01 5 6 -1503 -1503.75
7008 2015.05.07 00.30.01 5 7 -900 -902.62
7008 2015.05.07 00.30.01 5 8 -900 -902.12
7008 2015.05.07 00.30.01 5 9 -1406 -1407.62
7008 2015.05.07 00.30.01 5 10 -1389 -1390.87
7008 2015.05.07 00.30.01 5 11 -1475 -1476.25
7008 2015.05.07 00.30.01 5 12 -1390 -1391.50
7008 2015.05.07 00.30.01 5 13 -900 -901.37
7008 2015.05.07 00.30.01 5 14 -1380 -1381.75
7008 2015.05.07 00.30.01 5 15 -1365 -1367.50
7008 2015.05.07 00.30.01 6 0 -1429 -1430.62
7008 2015.05.07 00.30.01 6 1 -1600 -1600.87
7008 2015.05.07 00.30.01 6 2 -1648 -1649.00
7008 2015.05.07 00.30.01 6 3 -1412 -1413.37
7008 2015.05.07 00.30.01 6 4 -1600 -1601.00
7008 2015.05.07 00.30.01 6 5 -1575 -1576.25
7008 2015.05.07 00.30.01 6 6 -1386 -1387.62
7008 2015.05.07 00.30.01 6 7 -900 -904.37
7008 2015.05.07 00.30.01 6 8 -900 -902.62
7008 2015.05.07 00.30.01 6 9 -1492 -1493.00
7008 2015.05.07 00.30.01 6 10 -1621 -1622.62
7008 2015.05.07 00.30.01 6 11 -900 -902.87
7008 2015.05.07 00.30.01 6 12 -1412 -1413.00
7008 2015.05.07 00.30.01 6 13 -1281 -1283.87
7008 2015.05.07 00.30.01 6 14 -1396 -1397.50
7008 2015.05.07 00.30.01 6 15 -900 -903.25
7008 2015.05.07 00.30.01 7 0 -1506 -1510.75
7008 2015.05.07 00.30.01 7 1 -1373 -1377.62
7008 2015.05.07 00.30.01 7 2 -1501 -1505.75
7008 2015.05.07 00.30.01 7 3 -1502 -1507.37
7008 2015.05.07 00.30.01 7 4 -1483 -1487.25
7008 2015.05.07 00.30.01 7 5 -1242 -1246.87
7008 2015.05.07 00.30.01 7 6 -1571 -1575.37
7008 2015.05.07 00.30.01 7 7 -900 -904.62
7008 2015.05.07 00.30.01 7 8 -900 -904.87
7008 2015.05.07 00.30.01 7 9 -1495 -1500.00
7008 2015.05.07 00.30.01 7 10 -1600 -1605.25
7008 2015.05.07 00.30.01 7 11 -1358 -1363.87
7008 2015.05.07 00.30.01 7 12 -1521 -1526.75
7008 2015.05.07 00.30.01 7 13 -1366 -1371.00
7008 2015.05.07 00.30.01 7 14 -1386 -1391.00
7008 2015.05.07 00.30.01 7 15 -900 -905.25
7008 2015.05.07 00.30.01 8 0 -1547 -1552.87
7008 2015.05.07 00.30.01 8 1 -1273 -1279.12
7008 2015.05.07 00.30.01 8 2 -1299 -1305.00
7008 2015.05.07 00.30.01 8 3 -1529 -1534.62
7008 2015.05.07 00.30.01 8 4 -1691 -1696.87
7008 2015.05.07 00.30.01 8 5 -1353 -1359.12
7008 2015.05.07 00.30.01 8 6 -1384 -1389.87
7008 2015.05.07 00.30.01 8 7 -900 -905.62
7008 2015.05.07 00.30.01 8 8 -900 -905.50
7008 2015.05.07 00.30.01 8 9 -1380 -1385.75
7008 2015.05.07 00.30.01 8 10 -1474 -1479.62
7008 2015.05.07 00.30.01 8 11 -1526 -1532.00
7008 2015.05.07 00.30.01 8 12 -1521 -1526.87
7008 2015.05.07 00.30.01 8 13 -1330 -1336.00
7008 2015.05.07 00.30.01 8 14 -1611 -1616.62
7008 2015.05.07 00.30.01 8 15 -900 -906.00
7008 2015.05.07 00.30.01 9 0 -1638 -1643.75
7008 2015.05.07 00.30.01 9 1 -1424 -1429.12
7008 2015.05.07 00.30.01 9 2 -1402 -1407.50
7008 2015.05.07 00.30.01 9 3 -1365 -1370.25
7008 2015.05.07 00.30.01 9 4 -1379 -1384.37
7008 2015.05.07 00.30.01 9 5 -1448 -1453.37
7008 2015.05.07 00.30.01 9 6 -1414 -1419.25
7008 2015.05.07 00.30.01 9 7 -900 -904.37
7008 2015.05.07 00.30.01 9 8 -900 -905.25
7008 2015.05.07 00.30.01 9 9 -1596 -1601.87
7008 2015.05.07 00.30.01 9 10 -1567 -1572.62
7008 2015.05.07 00.30.01 9 11 -1410 -1416.00
7008 2015.05.07 00.30.01 9 12 -1615 -1621.37
7008 2015.05.07 00.30.01 9 13 -1600 -1605.50
7008 2015.05.07 00.30.01 9 14 -1661 -1667.12
7008 2015.05.07 00.30.01 9 15 -900 -905.12
7008 2015.05.07 00.30.01 10 0 -1389 -1388.87
7008 2015.05.07 00.30.01 10 1 -1442 -1441.50
7008 2015.05.07 00.30.01 10 2 -1421 -1420.50
7008 2015.05.07 00.30.01 10 3 -1600 -1598.75
7008 2015.05.07 00.30.01 10 4 -1409 -1408.00
7008 2015.05.07 00.30.01 10 5 -1259 -1259.00
7008 2015.05.07 00.30.01 10 6 -1265 -1265.50
7008 2015.05.07 00.30.01 10 7 -900 -902.00
7008 2015.05.07 00.30.01 10 8 -900 -901.75
7008 2015.05.07 00.30.01 10 9 -1558 -1557.75
7008 2015.05.07 00.30.01 10 10 -1389 -1389.12
7008 2015.05.07 00.30.01 10 11 -1539 -1538.00
7008 2015.05.07 00.30.01 10 12 -1555 -1554.12
7008 2015.05.07 00.30.01 10 13 -1358 -1357.75
7008 2015.05.07 00.30.01 10 14 -1522 -1522.12
7008 2015.05.07 00.30.01 10 15 -900 -901.12
7008 2015.05.07 00.30.01 11 0 -1331 -1336.75
7008 2015.05.07 00.30.01 11 1 -1559 -1564.62
7008 2015.05.07 00.30.01 11 2 -1642 -1648.50
7008 2015.05.07 00.30.01 11 3 -1665 -1671.25
7008 2015.05.07 00.30.01 11 4 -1646 -1651.50
7008 2015.05.07 00.30.01 11 5 -1360 -1365.75
7008 2015.05.07 00.30.01 11 6 -1376 -1382.25
7008 2015.05.07 00.30.01 11 7 -900 -905.25
7008 2015.05.07 00.30.01 11 8 -900 -904.50
7008 2015.05.07 00.30.01 11 9 -1600 -1606.25
7008 2015.05.07 00.30.01 11 10 -1395 -1400.62
7008 2015.05.07 00.30.01 11 11 -1634 -1640.00
7008 2015.05.07 00.30.01 11 12 -1394 -1399.37
7008 2015.05.07 00.30.01 11 13 -1296 -1302.12
7008 2015.05.07 00.30.01 11 14 -1591 -1597.12
7008 2015.05.07 00.30.01 11 15 -900 -905.37
7008 2015.05.07 00.30.01 12 0 -1312 -1312.62
7008 2015.05.07 00.30.01 12 1 -1455 -1455.50
7008 2015.05.07 00.30.01 12 2 -1508 -1507.75
7008 2015.05.07 00.30.01 12 3 -1431 -1431.62
7008 2015.05.07 00.30.01 12 4 -1520 -1519.75
7008 2015.05.07 00.30.01 12 5 -1580 -1579.75
7008 2015.05.07 00.30.01 12 6 -1290 -1290.75
7008 2015.05.07 00.30.01 12 7 -900 -902.12
7008 2015.05.07 00.30.01 12 8 -900 -902.00
7008 2015.05.07 00.30.01 12 9 -1272 -1272.87
7008 2015.05.07 00.30.01 12 10 -1204 -1204.75
7008 2015.05.07 00.30.01 12 11 -1338 -1339.00
7008 2015.05.07 00.30.01 12 12 -1319 -1319.75
7008 2015.05.07 00.30.01 12 13 -1291 -1292.12
7008 2015.05.07 00.30.01 12 14 -1345 -1345.75
7008 2015.05.07 00.30.01 12 15 -900 -902.37
7008 2015.05.07 00.30.01 13 0 -1509 -1506.87
7008 2015.05.07 00.30.01 13 1 -1631 -1628.75
7008 2015.05.07 00.30.01 13 2 -1668 -1665.87
7008 2015.05.07 00.30.01 13 3 -1344 -1343.25
7008 2015.05.07 00.30.01 13 4 -1215 -1214.12
7008 2015.05.07 00.30.01 13 5 -1318 -1316.25
7008 2015.05.07 00.30.01 13 6 -1284 -1283.62
7008 2015.05.07 00.30.01 13 7 -900 -900.50
7008 2015.05.07 00.30.01 13 8 -900 -900.62
7008 2015.05.07 00.30.01 13 9 -1558 -1556.25
7008 2015.05.07 00.30.01 13 10 -1339 -1337.50
7008 2015.05.07 00.30.01 13 11 -1253 -1251.87
7008 2015.05.07 00.30.01 13 12 -1285 -1284.50
7008 2015.05.07 00.30.01 13 13 -1306 -1304.75
7008 2015.05.07 00.30.01 13 14 -1311 -1309.75
7008 2015.05.07 00.30.01 13 15 -900 -900.25
7008 2015.05.07 00.30.01 14 0 -1365 -1364.50
7008 2015.05.07 00.30.01 14 1 -900 -901.37
7008 2015.05.07 00.30.01 14 2 -1600 -1599.12
7008 2015.05.07 00.30.01 14 3 -1211 -1211.25
7008 2015.05.07 00.30.01 14 4 -1254 -1254.25
7008 2015.05.07 00.30.01 14 5 -1250 -1250.87
7008 2015.05.07 00.30.01 14 6 -1403 -1402.87
7008 2015.05.07 00.30.01 14 7 -1610 -1608.87
7008 2015.05.07 00.30.01 14 8 -900 -900.62
7008 2015.05.07 00.30.01 14 9 -1524 -1523.12
7008 2015.05.07 00.30.01 14 10 -1375 -1374.87
7008 2015.05.07 00.30.01 14 11 -1428 -1427.62
7008 2015.05.07 00.30.01 14 12 -1441 -1440.25
7008 2015.05.07 00.30.01 14 13 -1489 -1488.12
7008 2015.05.07 00.30.01 14 14 -1527 -1526.12
7008 2015.05.07 00.30.01 14 15 -900 -901.37
7008 2015.05.07 00.30.01 15 0 -1516 -1520.75
7008 2015.05.07 00.30.01 15 1 -1610 -1614.50
7008 2015.05.07 00.30.01 15 2 -1556 -1560.75
7008 2015.05.07 00.30.01 15 3 -900 -904.50
7008 2015.05.07 00.30.01 15 4 -900 -905.37
7008 2015.05.07 00.30.01 15 5 -900 -904.25
7008 2015.05.07 00.30.01 15 6 -900 -904.50
7008 2015.05.07 00.30.01 15 7 -900 -904.75
7008 2015.05.07 00.30.01 15 8 -900 -904.25
7008 2015.05.07 00.30.01 15 9 -900 -904.12
7008 2015.05.07 00.30.01 15 10 -900 -904.25
7008 2015.05.07 00.30.01 15 11 -900 -904.62
7008 2015.05.07 00.30.01 15 12 -900 -904.37
7008 2015.05.07 00.30.01 15 13 -900 -904.37
7008 2015.05.07 00.30.01 15 14 -900 -904.62
7008 2015.05.07 00.30.01 15 15 -1522 -1527.25
