1 1 0 0 -1600 8697.09315
1 2 0 1 -1588 31.45542
1 3 0 2 -1600 119986.07654
1 4 0 3 -1600 44.00405
1 5 0 4 -1600 177.63644
1 6 0 5 -1600 6185.57239
1 7 0 6 -1600 84.74014
1 8 0 7 -1600 4964.47200
1 9 0 8 0 0.00000
1 10 0 9 0 0.00000
1 18 1 0 -1377 0.35015
1 19 1 1 -1431 0.57274
1 20 1 2 -1407 0.45072
1 21 1 3 -1197 0.06431
1 22 1 4 -1491 0.92101
1 23 1 5 -1618 5.04591
1 24 1 6 -1520 1.16670
1 25 1 7 -1600 418166.28892
1 26 1 8 -1600 11575.36504
1 27 1 9 -1486 7.07385
1 28 1 10 0 0.00000
1 35 2 0 -1273 0.13386
1 36 2 1 -1331 0.22873
1 37 2 2 -1352 0.28251
1 38 2 3 -1276 0.13776
1 39 2 4 -1456 0.68822
1 40 2 5 -1390 0.39026
1 41 2 6 -1309 0.18971
1 42 2 7 -1451 0.67059
1 43 2 8 -1402 0.42183
1 44 2 9 -1424 0.88134
1 45 2 10 -1600 2416449.92360
1 46 2 11 -1431 9.53917
1 52 3 0 -1474 0.79492
1 53 3 1 -1247 0.10464
1 54 3 2 -1234 0.08983
1 55 3 3 -1372 0.33619
1 56 3 4 -1267 0.12909
1 57 3 5 -1355 0.28594
1 58 3 6 -1353 0.28241
1 59 3 7 -1348 0.26928
1 60 3 8 -1627 2.92064
1 61 3 9 -1507 1.06127
1 62 3 10 -1600 936660.51906
1 63 3 11 -1600 129.90126
1 64 3 12 -1600 2394909.91920
1 69 4 0 -1403 0.43904
1 70 4 1 -1385 0.37833
1 71 4 2 -1285 0.15034
1 72 4 3 -1448 0.65643
1 73 4 4 -1398 0.46009
1 74 4 5 -1231 0.08841
1 75 4 6 -1368 0.32542
1 76 4 7 -1489 0.98934
1 77 4 8 -1368 0.32636
1 78 4 9 -1557 1.57388
1 79 4 10 -1303 0.17841
1 80 4 11 -1420 0.50919
1 81 4 12 -1513 17.80848
1 82 4 13 -1600 156938.57253
1 86 5 0 -1487 0.90447
1 87 5 1 -1234 0.09207
1 88 5 2 -1325 0.21845
1 89 5 3 -1296 0.16722
1 90 5 4 -1448 0.64254
1 91 5 5 -1366 0.31874
1 92 5 6 -1559 1.60962
1 93 5 7 -1486 0.89740
1 94 5 8 -1360 0.30771
1 95 5 9 -1539 1.37754
1 96 5 10 -1436 0.58486
1 97 5 11 -1552 1.52876
1 98 5 12 -1549 1.48964
1 99 5 13 -1287 0.98601
1 100 5 14 -1600 49525671.62900
1 103 6 0 -1351 0.27030
1 104 6 1 -1228 0.08662
1 105 6 2 -1298 0.16944
1 106 6 3 -1206 0.07038
1 107 6 4 -1269 0.12803
1 108 6 5 -1371 0.33801
1 109 6 6 -1585 1.93768
1 110 6 7 -1489 0.91203
1 111 6 8 -1463 0.72807
1 112 6 9 -1408 0.46055
1 113 6 10 -1674 3.81768
1 114 6 11 -1567 1.71980
1 115 6 12 -1534 1.32588
1 116 6 13 -1515 1.12555
1 117 6 14 -1420 0.50903
1 118 6 15 -1600 1439.93749
1 120 7 0 -1348 0.54488
1 121 7 1 -1398 0.42257
1 122 7 2 -1380 0.36098
1 123 7 3 -1417 0.49814
1 124 7 4 -1469 0.76966
1 125 7 5 -1417 0.48957
1 126 7 6 -1478 0.83632
1 127 7 7 -1449 0.65359
1 128 7 8 -1369 0.33057
1 129 7 9 -1349 0.27181
1 130 7 10 -1600 56521.08782
1 131 7 11 -1661 60.42781
1 132 7 12 -1600 6.16912
1 133 7 13 -1666 62.27098
1 134 7 14 -1636 9.16567
1 135 7 15 -1600 192683.74000
1 136 7 16 -1600 2610239.57220
1 137 8 0 -1629 2.71889
1 138 8 1 -1603 2.22500
1 139 8 2 -1466 0.74390
1 140 8 3 -1367 0.31921
1 141 8 4 -1430 0.55448
1 142 8 5 -1549 1.49350
1 143 8 6 -1481 0.85737
1 144 8 7 -1497 0.96412
1 145 8 8 -1443 0.61755
1 146 8 9 -1546 1.46312
1 147 8 10 -1451 0.65907
1 148 8 11 -1393 0.40238
1 149 8 12 -1394 0.40359
1 150 8 13 -1494 0.96498
1 151 8 14 -1378 0.35203
1 152 8 15 -1476 0.81562
1 153 8 16 -1600 1164657.92710
1 162 9 8 -1576 1.82218
1 163 9 9 -1486 0.90130
1 164 9 10 -1435 0.58630
1 165 9 11 -1639 2.98650
1 166 9 12 -1447 0.64991
1 167 9 13 -1529 1.24784
1 168 9 14 -1653 19.97889
1 169 9 15 -1693 14.77781
1 170 9 16 -1600 17253037.54680
1 179 10 8 -1535 1.31432
1 180 10 9 -1672 3.75597
1 181 10 10 -1504 1.04509
1 182 10 11 -1607 2.32015
1 183 10 12 -1629 2.75332
1 184 10 13 -1559 1.60332
1 185 10 14 -1432 0.57053
1 186 10 15 -1578 1.86266
1 187 10 16 -1600 5128559.83620
1 196 11 8 -1667 7.25365
1 197 11 9 -1488 0.90753
1 198 11 10 -1683 4.07652
1 199 11 11 -1608 2.34101
1 200 11 12 -1600 2.19296
1 201 11 13 -1565 1.68275
1 202 11 14 -1366 0.31683
1 203 11 15 -1502 1.01003
1 204 11 16 -1600 4594132.43680
1 213 12 8 -1589 2.02343
1 214 12 9 -1509 1.07643
1 215 12 10 -1440 0.61519
1 216 12 11 -1394 0.41135
1 217 12 12 -1401 0.43236
1 218 12 13 -1431 0.55654
1 219 12 14 -1524 1.20600
1 220 12 15 -1624 2.65240
1 221 12 16 -1600 2247.95712
1 230 13 8 -1624 2.63896
1 231 13 9 -1550 1.48420
1 232 13 10 -1492 0.92125
1 233 13 11 -1497 0.98155
1 234 13 12 -1671 3.75331
1 235 13 13 -1459 0.71991
1 236 13 14 -1460 0.72373
1 237 13 15 -1420 0.51144
1 238 13 16 -1600 7729112.93700
1 247 14 8 -1616 4.95428
1 248 14 9 -1553 1.53956
1 249 14 10 -1460 0.72719
1 250 14 11 -1430 0.55938
1 251 14 12 -1516 1.14211
1 252 14 13 -1663 3.55735
1 253 14 14 -1520 1.18676
1 254 14 15 -1526 1.25071
1 255 14 16 -1600 13225.61460
1 264 15 8 -1630 2.73687
1 265 15 9 -1475 0.81076
1 266 15 10 -1539 1.35750
1 267 15 11 -1396 0.41808
1 268 15 12 -1527 1.27181
1 269 15 13 -1470 0.77564
1 270 15 14 -1540 1.38843
1 271 15 15 -1503 1.03306
1 272 15 16 -1600 433.73966
1 281 16 8 -1465 0.74569
1 282 16 9 -1549 11.86618
1 283 16 10 -1463 0.74387
1 284 16 11 -1422 0.52583
1 285 16 12 -1440 0.61125
1 286 16 13 -1344 0.26258
1 287 16 14 -1458 0.70401
1 288 16 15 -1488 0.90187
1 289 16 16 -1600 9715295.76914
1 298 17 8 -1659 6.79940
1 299 17 9 -1542 1.41928
1 300 17 10 -1596 2.14026
1 301 17 11 -1501 1.00333
1 302 17 12 -1417 0.49764
1 303 17 13 -1387 0.38647
1 304 17 14 -1372 0.33901
1 305 17 15 -1399 0.42985
1 306 17 16 -1600 719825.21272
1 315 18 8 -1654 6.54786
1 316 18 9 -1573 1.76728
1 317 18 10 -1630 2.72351
1 318 18 11 -1433 0.57154
1 319 18 12 -1437 0.59694
1 320 18 13 -1585 1.97646
1 321 18 14 -1412 0.47338
1 322 18 15 -1594 2.11740
1 323 18 16 -1574 57.32997
1 332 19 8 -1555 1.55641
1 333 19 9 -1433 0.57382
1 334 19 10 -1440 0.61384
1 335 19 11 -1643 3.08384
1 336 19 12 -1290 0.15690
1 337 19 13 -1597 2.14645
1 338 19 14 -1394 0.41134
1 339 19 15 -1449 0.65869
1 340 19 16 -1421 0.71078
1 349 20 8 -1558 1.58327
1 350 20 9 -1625 2.65979
1 351 20 10 -1385 0.37396
1 352 20 11 -1274 0.13450
1 353 20 12 -1324 0.21695
1 354 20 13 -1496 0.96734
1 355 20 14 -1302 0.17836
1 356 20 15 -1578 1.87603
1 357 20 16 -1600 112.27599
1 366 21 8 -1496 0.96831
1 367 21 9 -1327 0.22075
1 368 21 10 -1576 1.83001
1 369 21 11 -1393 0.40171
1 370 21 12 -1306 0.18243
1 371 21 13 -1567 302.41857
1 372 21 14 -1401 0.43548
1 373 21 15 -1445 0.63770
1 374 21 16 -1600 1144.64381
1 383 22 8 -1397 0.42265
1 384 22 9 -1276 0.13848
1 385 22 10 -1418 0.50663
1 386 22 11 -1532 1.29493
1 387 22 12 -1323 0.21925
1 388 22 13 -1339 0.25099
1 389 22 14 -1480 0.83718
1 390 22 15 -1488 0.91004
1 391 22 16 -1365 0.06869
1 400 23 8 -1559 1.62549
1 401 23 9 -1487 0.89288
1 402 23 10 -1373 0.33874
1 403 23 11 -1377 0.34618
1 404 23 12 -1158 0.04254
1 405 23 13 -1408 0.45774
1 406 23 14 -1287 0.15295
1 407 23 15 -1571 1.75917
1 408 23 16 -1501 7.76186
1 417 24 8 -1431 0.55671
1 418 24 9 -1287 0.15349
1 419 24 10 -1380 0.35956
1 420 24 11 -1594 2.27650
1 421 24 12 -1381 0.36468
1 422 24 13 -1514 1.12330
1 423 24 14 -1296 0.16597
1 424 24 15 -1430 0.54845
1 425 24 16 -1600 2201891.65336
1 426 25 0 -1483 0.87375
1 427 25 1 -1635 2.90578
1 428 25 2 -1611 2.40555
1 429 25 3 -1631 2.77756
1 430 25 4 -1654 3.31978
1 431 25 5 -1526 1.21530
1 432 25 6 -1686 4.14682
1 433 25 7 -1491 0.93288
1 434 25 8 -1380 0.36474
1 435 25 9 -1512 1.09903
1 436 25 10 -1443 0.61565
1 437 25 11 -1377 0.35089
1 438 25 12 -1353 0.28072
1 439 25 13 -1235 0.09233
1 440 25 14 -1544 1.40407
1 441 25 15 -1302 0.17589
1 442 25 16 -1419 1.21495
1 443 26 0 -1557 1.58656
1 444 26 1 -1652 3.24599
1 445 26 2 -1404 0.44272
1 446 26 3 -1496 0.97664
1 447 26 4 -1391 0.39274
1 448 26 5 -1522 1.18213
1 449 26 6 -1600 76.04843
1 450 26 7 -1524 1.22204
1 451 26 8 -1355 0.28982
1 452 26 9 -1260 0.11807
1 453 26 10 -1254 0.11077
1 454 26 11 -1363 0.31159
1 455 26 12 -1372 0.34067
1 456 26 13 -1376 0.34571
1 457 26 14 -1411 0.47016
1 458 26 15 -1378 0.35167
1 459 26 16 -1600 294.25326
1 460 27 0 -1489 0.91309
1 461 27 1 -1269 0.12768
1 462 27 2 -1376 0.34928
1 463 27 3 -1525 1.19851
1 464 27 4 -1331 0.23110
1 465 27 5 -1416 0.49722
1 466 27 6 -1434 0.58033
1 467 27 7 -1396 0.41654
1 468 27 8 -1316 0.19944
1 469 27 9 -1478 0.81794
1 470 27 10 -1334 0.24198
1 471 27 11 -1181 0.05387
1 472 27 12 -1205 0.06881
1 473 27 13 -1325 0.21648
1 474 27 14 -1600 76.39322
1 475 27 15 -1497 6.10657
1 477 28 0 -1190 0.05937
1 478 28 1 -1419 0.50387
1 479 28 2 -1189 0.05857
1 480 28 3 -1318 0.20843
1 481 28 4 -1272 0.13372
1 482 28 5 -1395 0.41119
1 483 28 6 -1600 70.34774
1 484 28 7 -1173 0.05008
1 485 28 8 -1511 1.09000
1 486 28 9 -1207 0.06888
1 487 28 10 -1198 0.06328
1 488 28 11 -1264 0.12342
1 489 28 12 -1282 0.14742
1 490 28 13 -1452 0.66331
1 491 28 14 -1580 63.93620
1 494 29 0 -1407 0.45980
1 495 29 1 -1471 0.78968
1 496 29 2 -1265 0.12349
1 497 29 3 -1217 0.07728
1 498 29 4 -1380 0.36157
1 499 29 5 -1198 0.06473
1 500 29 6 -1278 0.14035
1 501 29 7 -1208 0.07143
1 502 29 8 -1330 0.23127
1 503 29 9 -1359 0.29856
1 504 29 10 -1206 0.07001
1 505 29 11 -1448 1.30024
1 506 29 12 -1663 3.53814
1 507 29 13 -1554 22.27619
1 511 30 0 -1307 0.18690
1 512 30 1 -1358 0.29060
1 513 30 2 -1182 0.05344
1 514 30 3 -1305 0.17803
1 515 30 4 -1251 0.10844
1 516 30 5 -1308 0.18602
1 517 30 6 -1270 0.13193
1 518 30 7 -1359 0.30356
1 519 30 8 -1292 0.15968
1 520 30 9 -1428 0.54904
1 521 30 10 -1223 0.08246
1 522 30 11 -1600 70.52583
1 523 30 12 -805 0.00002
1 528 31 0 -1600 76.57276
1 529 31 1 -1242 0.09820
1 530 31 2 -1206 0.06908
1 531 31 3 -1193 0.06092
1 532 31 4 -1236 0.09355
1 533 31 5 -1417 0.49170
1 534 31 6 -1296 0.16924
1 535 31 7 -1271 0.13214
1 536 31 8 -1213 0.07464
1 537 31 9 -1379 0.35291
1 538 31 10 -1410 0.47114
1 539 31 11 -1239 0.00060
1 545 32 0 -1199 0.06505
1 546 32 1 -1303 0.17733
1 547 32 2 -1309 0.19256
1 548 32 3 -1408 0.46352
1 549 32 4 -1136 0.24204
1 550 32 5 -1223 0.21557
1 551 32 6 -1356 0.28879
1 552 32 7 -1253 0.11033
1 553 32 8 -1210 0.07213
1 554 32 9 -1246 0.10502
1 555 32 10 -1310 0.01927
1 562 33 0 -1389 0.22808
1 563 33 1 -1230 0.00074
1 564 33 2 -1372 0.30550
1 565 33 3 -1170 0.00018
1 566 33 4 -1120 0.00004
1 567 33 5 -1529 3.99205
1 568 33 6 -1387 1.06024
1 569 33 7 -1360 0.36325
1 570 33 8 -1238 0.00241
1 571 33 9 -1292 0.03605
2 1 0 0 -1600 10510.82986
2 2 0 1 -1600 53469.84562
2 3 0 2 -1600 2416814.11252
2 4 0 3 -1600 12607.75686
2 5 0 4 -1600 298860.81776
2 6 0 5 -1600 137818.78322
2 7 0 6 -1600 2713850.25898
2 8 0 7 -1600 16560.09950
2 9 0 8 -1600 17649.36845
2 10 0 9 -1600 5641115.19250
2 18 1 0 -1300 0.17214
2 19 1 1 -1238 0.09567
2 20 1 2 -1254 0.11277
2 21 1 3 -1262 0.12164
2 22 1 4 -1313 0.19558
2 23 1 5 -1463 0.73465
2 24 1 6 -1525 1.22060
2 25 1 7 -1329 0.22874
2 26 1 8 -1455 0.69152
2 27 1 9 -1380 0.35818
2 28 1 10 -1484 8.77456
2 35 2 0 -1561 52.18902
2 36 2 1 -1411 0.47679
2 37 2 2 -1423 2.53985
2 38 2 3 -1319 0.21000
2 39 2 4 -1290 0.15942
2 40 2 5 -1318 0.20707
2 41 2 6 -1519 1.17779
2 42 2 7 -1353 0.28048
2 43 2 8 -1334 0.24124
2 44 2 9 -1585 1.97393
2 45 2 10 -1620 8.46471
2 46 2 11 -1571 1957.71086
2 52 3 0 -1481 0.84989
2 53 3 1 -1275 0.13490
2 54 3 2 -1376 0.34812
2 55 3 3 -1259 0.11829
2 56 3 4 -1272 0.13473
2 57 3 5 -1339 0.24829
2 58 3 6 -1461 0.73026
2 59 3 7 -1438 0.59792
2 60 3 8 -1477 0.83360
2 61 3 9 -1568 1.71967
2 62 3 10 -1696 6.08222
2 63 3 11 -1391 0.39656
2 64 3 12 -1600 1117.52688
2 69 4 0 -1472 0.78860
2 70 4 1 -1408 0.47011
2 71 4 2 -1215 0.07556
2 72 4 3 -1242 0.09900
2 73 4 4 -1358 0.29991
2 74 4 5 -1263 0.12261
2 75 4 6 -1542 5.98977
2 76 4 7 -1422 0.51924
2 77 4 8 -1346 0.26812
2 78 4 9 -1460 1.78290
2 79 4 10 -1650 3.23114
2 80 4 11 -1410 0.95014
2 81 4 12 -1372 0.34162
2 82 4 13 -1600 1525.18714
2 86 5 0 -1406 0.45160
2 87 5 1 -1270 0.12803
2 88 5 2 -1321 0.21367
2 89 5 3 -1497 0.97343
2 90 5 4 -1235 0.09298
2 91 5 5 -1459 0.71524
2 92 5 6 -1231 0.09019
2 93 5 7 -1426 0.53877
2 94 5 8 -1516 1.13772
2 95 5 9 -1588 2.00269
2 96 5 10 -1549 1.48659
2 97 5 11 -1362 0.30716
2 98 5 12 -1402 0.43918
2 99 5 13 -1644 10.30574
2 100 5 14 -1600 5277.23696
2 103 6 0 -1496 0.96311
2 104 6 1 -1256 0.11347
2 105 6 2 -1289 0.15695
2 106 6 3 -1298 0.17024
2 107 6 4 -1357 0.31992
2 108 6 5 -1270 0.13411
2 109 6 6 -1368 0.33298
2 110 6 7 -1317 0.20656
2 111 6 8 -1298 0.17060
2 112 6 9 -1509 1.08637
2 113 6 10 -1463 0.72919
2 114 6 11 -1472 2.00782
2 115 6 12 -1286 0.15162
2 116 6 13 -1395 0.41346
2 117 6 14 -1288 0.15245
2 118 6 15 -1600 458988.90656
2 120 7 0 -1345 0.26301
2 121 7 1 -1382 0.36959
2 122 7 2 -1446 0.64230
2 123 7 3 -1239 0.09604
2 124 7 4 -1200 0.06535
2 125 7 5 -1374 0.33836
2 126 7 6 -1283 0.14943
2 127 7 7 -1463 0.74168
2 128 7 8 -1606 2.31661
2 129 7 9 -1679 3.97327
2 130 7 10 -1472 0.79896
2 131 7 11 -1387 0.37922
2 132 7 12 -1626 2.71487
2 133 7 13 -1573 1.78247
2 134 7 14 -1405 0.44945
2 135 7 15 -1692 4.33276
2 136 7 16 -1600 7628036.71376
2 137 8 0 -1407 0.46018
2 138 8 1 -1688 8.45320
2 139 8 2 -1341 0.25400
2 140 8 3 -1393 0.40260
2 141 8 4 -1440 0.61156
2 142 8 5 -1549 1.48256
2 143 8 6 -1647 99.59816
2 144 8 7 -1611 4.81362
2 145 8 8 -1403 0.43952
2 146 8 9 -1698 4.59971
2 147 8 10 -1389 0.38992
2 148 8 11 -1500 1.00356
2 149 8 12 -1650 3.21155
2 150 8 13 -1395 0.41898
2 151 8 14 -1452 0.68107
2 152 8 15 -1573 1.79817
2 153 8 16 -1600 2822.52980
2 162 9 8 -1674 3.81180
2 163 9 9 -1519 1.16519
2 164 9 10 -1393 0.39646
2 165 9 11 -1620 5.14802
2 166 9 12 -1612 2.42591
2 167 9 13 -1654 5.50925
2 168 9 14 -1555 1.54897
2 169 9 15 -1534 1.31694
2 170 9 16 -1528 3.88007
2 179 10 8 -1544 19.15610
2 180 10 9 -1472 0.79944
2 181 10 10 -1424 0.52744
2 182 10 11 -1363 0.31166
2 183 10 12 -1400 0.42829
2 184 10 13 -1473 0.80656
2 185 10 14 -1451 0.67364
2 186 10 15 -1559 1.58967
2 187 10 16 -1600 417434.50312
2 196 11 8 -1679 7.94276
2 197 11 9 -1580 1.89360
2 198 11 10 -1478 0.82499
2 199 11 11 -1420 0.51070
2 200 11 12 -1421 0.51580
2 201 11 13 -1285 0.15003
2 202 11 14 -1548 1.46817
2 203 11 15 -1359 0.29689
2 204 11 16 -1600 14132394.02450
2 213 12 8 -1456 0.69820
2 214 12 9 -1602 2.23302
2 215 12 10 -1372 0.33155
2 216 12 11 -1483 0.87244
2 217 12 12 -1452 0.67555
2 218 12 13 -1527 1.22958
2 219 12 14 -1522 1.20378
2 220 12 15 -1586 68.82447
2 221 12 16 -1600 137038.91690
2 230 13 8 -1610 4.70383
2 231 13 9 -1695 4.48489
2 232 13 10 -1394 0.41161
2 233 13 11 -1429 0.55878
2 234 13 12 -1589 2.03472
2 235 13 13 -1391 0.39813
2 236 13 14 -1437 0.58682
2 237 13 15 -1641 9.04040
2 238 13 16 -1600 200664.65286
2 247 14 8 -1679 7.83113
2 248 14 9 -1548 1.44515
2 249 14 10 -1571 1.75910
2 250 14 11 -1523 1.20799
2 251 14 12 -1499 0.99805
2 252 14 13 -1567 1.69262
2 253 14 14 -1489 0.91190
2 254 14 15 -1594 2.10058
2 255 14 16 -1600 22739.21324
2 264 15 8 -1604 2.28361
2 265 15 9 -1451 0.67480
2 266 15 10 -1426 0.57770
2 267 15 11 -1500 1.00237
2 268 15 12 -1385 0.37927
2 269 15 13 -1543 1.40534
2 270 15 14 -1357 0.29648
2 271 15 15 -1439 0.59684
2 272 15 16 -1559 6.00471
2 281 16 8 -1609 4.72211
2 282 16 9 -1386 0.38199
2 283 16 10 -1585 1.94742
2 284 16 11 -1681 11.94997
2 285 16 12 -1381 0.36548
2 286 16 13 -1356 0.29125
2 287 16 14 -1564 1.67637
2 288 16 15 -1558 1.60199
2 289 16 16 -1596 13.84007
2 298 17 8 -1371 0.33043
2 299 17 9 -1448 0.64956
2 300 17 10 -1399 0.42858
2 301 17 11 -1446 0.63087
2 302 17 12 -1390 0.39469
2 303 17 13 -1463 0.73374
2 304 17 14 -1518 1.17277
2 305 17 15 -1439 0.60061
2 306 17 16 -1551 4.11035
2 315 18 8 -1470 0.78495
2 316 18 9 -1530 1.26925
2 317 18 10 -1520 1.17208
2 318 18 11 -1384 0.37561
2 319 18 12 -1242 0.09775
2 320 18 13 -1408 0.46424
2 321 18 14 -1514 1.12249
2 322 18 15 -1595 2.11632
2 323 18 16 -1600 3330.18171
2 332 19 8 -1402 0.44349
2 333 19 9 -1512 1.11100
2 334 19 10 -1382 0.36970
2 335 19 11 -1390 0.39233
2 336 19 12 -1364 3.72678
2 337 19 13 -1493 0.94292
2 338 19 14 -1419 0.50852
2 339 19 15 -1421 0.51719
2 340 19 16 -1600 19177.69798
2 349 20 8 -1528 1.24334
2 350 20 9 -1633 5.67265
2 351 20 10 -1391 0.40218
2 352 20 11 -1542 1.41862
2 353 20 12 -1450 0.66609
2 354 20 13 -1451 0.66061
2 355 20 14 -1321 0.21111
2 356 20 15 -1519 1.15675
2 357 20 16 -1600 12215.45794
2 366 21 8 -1662 3.51844
2 367 21 9 -1433 0.57274
2 368 21 10 -1562 1.65419
2 369 21 11 -1242 0.10135
2 370 21 12 -1393 0.40851
2 371 21 13 -1481 0.85802
2 372 21 14 -1405 0.44194
2 373 21 15 -1375 0.34636
2 374 21 16 -1600 482.34030
2 383 22 8 -1472 0.80826
2 384 22 9 -1560 1.60171
2 385 22 10 -1371 0.33298
2 386 22 11 -1323 0.21360
2 387 22 12 -1375 0.34585
2 388 22 13 -1299 0.17251
2 389 22 14 -1324 0.21539
2 390 22 15 -1617 2.51101
2 391 22 16 -1583 7.46178
2 400 23 8 -1467 0.75828
2 401 23 9 -1420 0.51083
2 402 23 10 -1179 0.05284
2 403 23 11 -1426 0.54778
2 404 23 12 -1402 0.43905
2 405 23 13 -1418 0.50583
2 406 23 14 -1572 1.75703
2 407 23 15 -1387 0.38401
2 408 23 16 -1600 113.25591
2 417 24 8 -1577 1.84612
2 418 24 9 -1522 1.19783
2 419 24 10 -1338 0.24309
2 420 24 11 -1429 0.55222
2 421 24 12 -1267 0.12619
2 422 24 13 -1455 0.69011
2 423 24 14 -1269 0.12903
2 424 24 15 -1432 0.56643
2 425 24 16 -1600 12050.45522
2 426 25 0 -1521 81.71913
2 427 25 1 -1529 10.30504
2 428 25 2 -1525 83.67430
2 429 25 3 -1553 1.53067
2 430 25 4 -1634 12.28943
2 431 25 5 -1567 1.69523
2 432 25 6 -1625 5.26040
2 433 25 7 -1428 0.55086
2 434 25 8 -1356 0.29280
2 435 25 9 -1414 0.49599
2 436 25 10 -1365 0.31579
2 437 25 11 -1359 0.29856
2 438 25 12 -1286 0.15328
2 439 25 13 -1398 0.41372
2 440 25 14 -1301 0.17678
2 441 25 15 -1345 0.26250
2 442 25 16 -1600 261510.21888
2 443 26 0 -1440 0.61449
2 444 26 1 -1401 0.43700
2 445 26 2 -1386 0.37706
2 446 26 3 -1445 0.63039
2 447 26 4 -1313 0.19895
2 448 26 5 -1533 1.30358
2 449 26 6 -1291 0.15887
2 450 26 7 -1358 0.29189
2 451 26 8 -1496 0.96606
2 452 26 9 -1359 0.30087
2 453 26 10 -1331 0.23219
2 454 26 11 -1339 0.24782
2 455 26 12 -1356 0.28918
2 456 26 13 -1454 0.69054
2 457 26 14 -1357 0.29484
2 458 26 15 -1438 0.59524
2 459 26 16 -1600 1602.82144
2 460 27 0 -1397 0.42139
2 461 27 1 -1488 0.90496
2 462 27 2 -1297 0.17015
2 463 27 3 -1289 0.15655
2 464 27 4 -1264 0.12334
2 465 27 5 -1334 0.23835
2 466 27 6 -1566 1.68790
2 467 27 7 -1305 0.18069
2 468 27 8 -1212 0.07279
2 469 27 9 -1244 0.10249
2 470 27 10 -1223 0.08355
2 471 27 11 -1363 0.31075
2 472 27 12 -1211 0.07297
2 473 27 13 -1292 0.15911
2 474 27 14 0 0.00000
2 475 27 15 -1454 2.94974
2 477 28 0 -1416 0.49193
2 478 28 1 -1493 0.94763
2 479 28 2 -1254 0.11212
2 480 28 3 -1228 0.08612
2 481 28 4 -1327 0.22366
2 482 28 5 -1202 0.06701
2 483 28 6 -1228 0.08600
2 484 28 7 -1282 0.14446
2 485 28 8 -1282 0.14652
2 486 28 9 -1345 0.26109
2 487 28 10 -1317 0.20404
2 488 28 11 -1265 0.12442
2 489 28 12 -1253 0.10900
2 490 28 13 -1273 0.13395
2 491 28 14 -1320 0.40743
2 494 29 0 -1245 0.10199
2 495 29 1 -1410 0.46738
2 496 29 2 -1256 0.11432
2 497 29 3 -1328 0.22891
2 498 29 4 -1317 0.20366
2 499 29 5 -1389 0.45292
2 500 29 6 -1279 0.14429
2 501 29 7 -1333 0.23845
2 502 29 8 -1298 0.16742
2 503 29 9 -1259 0.11709
2 504 29 10 -1160 0.04379
2 505 29 11 -1354 0.28969
2 506 29 12 -1347 0.26579
2 507 29 13 -1379 0.72118
2 511 30 0 -1325 0.21926
2 512 30 1 -1363 0.31240
2 513 30 2 -1323 0.21533
2 514 30 3 -1234 0.09187
2 515 30 4 -1402 0.43459
2 516 30 5 -1336 0.24561
2 517 30 6 -1331 0.23166
2 518 30 7 -1209 0.07188
2 519 30 8 -1227 0.08553
2 520 30 9 -1295 0.16409
2 521 30 10 -1281 0.14692
2 522 30 11 -1369 0.32731
2 523 30 12 -1398 0.51527
2 528 31 0 -1286 0.15326
2 529 31 1 -1208 0.07056
2 530 31 2 -1205 0.06976
2 531 31 3 -1418 0.50173
2 532 31 4 -1206 0.06815
2 533 31 5 -1268 0.12887
2 534 31 6 -1320 0.21356
2 535 31 7 -1255 0.11227
2 536 31 8 -1261 0.11827
2 537 31 9 -1311 0.18908
2 538 31 10 -1352 0.27844
2 539 31 11 -1394 0.58935
2 545 32 0 -1135 0.03337
2 546 32 1 -1278 0.14241
2 547 32 2 -1211 0.07313
2 548 32 3 -1232 0.09014
2 549 32 4 -1350 0.27560
2 550 32 5 -1195 0.06202
2 551 32 6 -1206 0.06889
2 552 32 7 -1179 0.05240
2 553 32 8 -1367 0.31862
2 554 32 9 -1303 0.17800
2 555 32 10 -1354 0.46660
2 562 33 0 -1351 0.13077
2 563 33 1 -1375 0.30890
2 564 33 2 -1251 0.00444
2 565 33 3 -1295 0.18261
2 566 33 4 -1256 0.00385
2 567 33 5 -1293 0.01948
2 568 33 6 -1312 0.03888
2 569 33 7 -1357 0.23497
2 570 33 8 -1259 0.09886
2 571 33 9 -1209 0.00227
