3 1 0 0 8C 0.56654
3 2 0 1 C4 1.05022
3 3 0 2 9C 0.67183
3 4 0 3 B3 0.85890
3 5 0 4 B1 0.73768
3 6 0 5 C8 1.23770
3 7 0 6 FB 10.30825
3 8 0 7 F5 68.77245
3 9 0 8 0 0.00815
3 10 0 9 E9 5.69715
3 11 0 10 ED 53.03145
3 12 0 11 F1 59.33955
3 13 1 0 C5 3.39199
3 14 1 1 46 0.27171
3 15 1 2 BD 0.96631
3 16 1 3 B7 0.89692
3 17 1 4 89 0.30954
3 18 1 5 DE 2.18176
3 19 1 6 EA 3.00773
3 20 1 7 F8 9.50711
3 21 1 8 FC 11.02656
3 22 1 9 F3 37.14590
3 23 1 10 FA 27.43489
3 24 1 11 EA 22.09265
3 25 2 0 55 0.23185
3 26 2 1 7A 0.47675
3 27 2 2 CD 9.30800
3 28 2 3 D8 2.68746
3 29 2 4 9D 0.44758
3 30 2 5 C4 1.09364
3 31 2 6 FC 21.20649
3 32 2 7 F2 30.84369
3 33 2 8 F3 7.36870
3 34 2 9 F3 4.24308
3 35 2 10 E9 6.06565
3 36 2 11 EF 58.95490
3 37 3 0 32 0.18780
3 38 3 1 60 1.04125
3 39 3 2 C9 1.13767
3 40 3 3 C0 1.01814
3 41 3 4 94 0.38308
3 42 3 5 F0 7.02990
3 43 3 6 FB 10.47940
3 44 3 7 E9 94.65293
3 45 3 8 D3 1.61883
3 46 3 9 F8 9.58609
3 47 3 10 0 0.00458
3 48 3 11 0 0.00136
3 49 4 0 6A 0.34562
3 50 4 1 E3 1.52709
3 51 4 2 48 0.04591
3 52 4 3 B9 0.91667
3 53 4 4 B2 0.73085
3 54 4 5 87 0.29272
3 55 4 6 A3 0.51154
3 56 4 7 F1 7.62851
3 57 4 8 D1 1.53833
3 58 4 9 FB 5.20446
3 59 4 10 F1 23.92965
3 60 4 11 FA 97.09912
3 61 5 0 58 0.61374
3 62 5 1 37 0.04043
3 63 5 2 A3 0.72135
3 64 5 3 52 0.34434
3 65 5 4 C 0.02171
3 66 5 5 55 0.12233
3 67 5 6 7F 0.25689
3 68 5 7 4A 0.10135
3 69 5 8 8E 0.33751
3 70 5 9 EF 3.57481
3 71 5 10 E9 170.36180
3 72 5 11 FE 5.80940
3 73 6 0 14 0.53912
3 74 6 1 50 0.16390
3 75 6 2 82 0.52403
3 76 6 3 3A 0.07004
3 77 6 4 24 0.02965
3 78 6 5 14 0.37323
3 79 6 6 8B 0.32328
3 80 6 7 B2 0.73100
3 81 6 8 B7 0.80647
3 82 6 9 A5 0.56444
3 83 6 10 B8 0.82648
3 84 6 11 B6 0.82895
3 90 7 5 92 0.36760
3 91 7 6 82 0.27118
3 92 7 7 6D 0.18500
3 93 7 8 B7 0.81652
3 94 7 9 B4 0.75543
3 95 7 10 F3 3.90114
3 96 7 11 DA 1.99555
3 102 8 5 A3 0.71430
3 103 8 6 EE 1.83882
3 104 8 7 E8 1.70641
3 105 8 8 D1 1.23297
3 106 8 9 AE 0.81937
3 107 8 10 D7 16.56040
3 108 8 11 EA 1.78759
3 114 9 5 B1 0.83902
3 115 9 6 EA 1.74735
3 116 9 7 F6 2.11840
3 117 9 8 EA 1.73733
3 118 9 9 CF 1.22285
3 119 9 10 DF 2.96274
3 120 9 11 E1 3.01399
3 126 10 5 5F 0.21615
3 127 10 6 95 0.62573
3 128 10 7 D4 41.50323
3 129 10 8 8D 0.57851
3 130 10 9 E9 1.75107
3 131 10 10 5D 0.36834
3 132 10 11 F0 15.96010
3 138 11 5 3E 0.14467
3 139 11 6 C8 1.09821
3 140 11 7 CC 1.14627
3 141 11 8 FE 2.38623
3 142 11 9 8E 0.58026
3 143 11 10 E5 1.65435
3 144 11 11 CE 1.21461
3 150 12 5 30 0.13010
3 151 12 6 DD 23.63373
3 152 12 7 EC 1.79121
3 153 12 8 D7 86.78184
3 154 12 9 0 864.60938
3 155 12 10 53 0.17154
3 156 12 11 FC 18.84978
3 162 13 5 E3 5.98046
3 163 13 6 DE 5.94987
3 164 13 7 DF 24.02291
3 165 13 8 F0 15.65521
3 166 13 9 1F 0.23411
3 167 13 10 8 0.09835
3 168 13 11 2D 0.12660
3 174 14 5 C0 1.00000
3 175 14 6 EC 14.39841
3 176 14 7 0 0.04897
3 177 14 8 E6 87.21680
3 178 14 9 FD 2.32450
3 179 14 10 4A 0.31567
3 180 14 11 AA 3.09484
3 186 15 5 2A 0.12352
3 187 15 6 D2 20.03209
3 188 15 7 EC 7.14702
3 189 15 8 28 0.24682
3 190 15 9 10 0.10394
3 191 15 10 E3 270.51132
3 192 15 11 F5 8.22901
3 198 16 5 0 0.05920
3 199 16 6 0 0.00114
3 200 16 7 EA 7.22408
3 201 16 8 A0 0.49021
3 202 16 9 D8 1.82634
3 203 16 10 0 0.62500
3 204 16 11 0 0.00127
3 205 17 0 D2 64.32552
3 206 17 1 D2 40.98688
3 207 17 2 F9 35.93855
3 208 17 3 FF 160.72915
3 209 17 4 FF 186.11207
3 210 17 5 0 0.00114
3 211 17 6 D5 1.70099
3 212 17 7 0 6.25000
3 213 17 8 B8 0.83909
3 214 17 9 BA 0.90497
3 215 17 10 0 50.00000
3 216 17 11 AC 0.65272
3 217 18 0 D8 95.77722
3 218 18 1 DA 367.93151
3 219 18 2 FE 2.40506
3 220 18 3 F5 68.63697
3 221 18 4 F7 148.46435
3 222 18 5 FA 79.08235
3 223 18 6 F3 3.91139
3 224 18 7 C4 1.08849
3 225 18 8 D8 1.79776
3 226 18 9 FD 24.21183
3 227 18 10 FB 5.00158
3 228 18 11 EB 6.38793
3 229 19 0 D8 93.47276
3 230 19 1 F3 14.88234
3 231 19 2 D5 2.63368
3 232 19 3 0 0.01217
3 233 19 4 F5 4.26212
3 234 19 5 AC 0.64349
3 235 19 6 CB 1.30217
3 236 19 7 E0 2.35260
3 237 19 8 EC 3.24360
3 238 19 9 FA 10.66979
3 239 19 10 FE 93.53731
3 240 19 11 F7 26.30383
3 241 20 0 E9 206.50661
3 242 20 1 E5 16.62602
3 243 20 2 D3 5.11926
3 244 20 3 FE 28.62552
3 245 20 4 F0 7.22244
3 246 20 5 F6 86.45016
3 247 20 6 C5 1.10690
3 248 20 7 E1 2.28344
3 249 20 8 F6 4.45971
3 250 20 9 EB 6.10499
3 251 20 10 FF 11.63705
3 252 20 11 CC 1.36669
3 253 21 0 DE 19.28587
3 254 21 1 FD 62.51175
3 255 21 2 ED 1.82712
3 256 21 3 E6 12.98695
3 257 21 4 CA 1.28997
3 258 21 5 E9 2.87631
3 259 21 6 F0 7.08145
3 260 21 7 EC 18.98866
3 261 21 8 F7 9.64105
3 262 21 9 FF 187.48941
3 263 21 10 EE 55.21546
3 264 21 11 F5 8.11691
3 265 22 0 EE 115.49778
3 266 22 1 FA 209.40462
3 267 22 2 A6 0.75156
3 268 22 3 E1 12.52788
3 269 22 4 AA 0.61284
3 270 22 5 C5 1.13912
3 271 22 6 F6 8.98790
3 272 22 7 FE 14.41883
3 273 22 8 F4 79.58847
3 274 22 9 FF 19.63382
3 275 22 10 FF 78.83683
3 276 22 11 EF 7.13693
3 277 23 0 C6 1.07128
3 278 23 1 D8 2.73662
3 279 23 2 D2 1.26312
3 280 23 3 EB 1.72116
3 281 23 4 B8 0.81278
3 282 23 5 18 0.05001
3 283 23 6 EF 40.24987
3 284 23 7 FF 5.88717
3 285 23 8 F5 23.80850
3 286 23 9 EB 64.53736
3 287 23 10 FF 70.51807
3 288 23 11 ED 3425.90960
4 1 0 0 92 0.59900
4 2 0 1 C9 1.11454
4 3 0 2 A6 0.74556
4 4 0 3 E5 1.62738
4 5 0 4 F2 7.60140
4 6 0 5 E 0.04418
4 7 0 6 E9 38.03939
4 8 0 7 FD 13.41406
4 9 0 8 F7 125.83416
4 10 0 9 EA 41.38971
4 11 0 10 F4 51.09726
4 12 0 11 FD 10.52011
4 13 1 0 6F 0.43747
4 14 1 1 B4 0.87351
4 15 1 2 F2 4.09558
4 16 1 3 9C 0.66378
4 17 1 4 94 0.38623
4 18 1 5 C1 1.05413
4 19 1 6 E9 2.95913
4 20 1 7 D8 1.86815
4 21 1 8 F1 3.71032
4 22 1 9 FD 18.64890
4 23 1 10 E8 2.91627
4 24 1 11 F7 6.05904
4 25 2 0 5A 0.09330
4 26 2 1 A8 0.76809
4 27 2 2 AE 0.80764
4 28 2 3 CF 1.19809
4 29 2 4 D7 1.73076
4 30 2 5 B9 0.85146
4 31 2 6 CA 1.27149
4 32 2 7 F5 26.77933
4 33 2 8 FB 5.18308
4 34 2 9 FA 5.06174
4 35 2 10 FD 26.35568
4 36 2 11 F8 5.67615
4 37 3 0 A2 0.72187
4 38 3 1 6F 1.11098
4 39 3 2 97 0.64265
4 40 3 3 E4 1.59859
4 41 3 4 A3 0.52078
4 42 3 5 9F 0.48539
4 43 3 6 C9 1.25620
4 44 3 7 AB 0.62885
4 45 3 8 D7 1.81477
4 46 3 9 DD 2.10526
4 47 3 10 FF 6.15772
4 48 3 11 FB 5.23496
4 49 4 0 E2 1.55282
4 50 4 1 61 0.38198
4 51 4 2 EB 1.78380
4 52 4 3 92 0.60563
4 53 4 4 7B 0.23871
4 54 4 5 A0 0.47537
4 55 4 6 96 0.39745
4 56 4 7 C8 1.17928
4 57 4 8 CB 1.31512
4 58 4 9 0 0.00114
4 59 4 10 F6 21.87029
4 60 4 11 E9 6.04110
4 61 5 0 E4 51.51758
4 62 5 1 C1 1.01136
4 63 5 2 4E 0.03921
4 64 5 3 2B 0.12458
4 65 5 4 36 0.07573
4 66 5 5 A7 0.57995
4 67 5 6 96 0.39158
4 68 5 7 E7 2.71453
4 69 5 8 C9 1.25739
4 70 5 9 F5 4.25661
4 71 5 10 E7 2.75023
4 72 5 11 F1 40.42130
4 73 6 0 75 0.45321
4 74 6 1 2E 0.23803
4 75 6 2 1A 0.22307
4 76 6 3 2A 0.03935
4 77 6 4 63 0.15424
4 78 6 5 73 0.20185
4 79 6 6 C7 1.16648
4 80 6 7 0 0.00117
4 81 6 8 F1 3.80012
4 82 6 9 EA 3.07995
4 83 6 10 C0 0.97859
4 84 6 11 ED 7.04894
4 90 7 5 91 0.35209
4 91 7 6 92 0.36683
4 92 7 7 E0 2.28556
4 93 7 8 CD 1.36356
4 94 7 9 E0 2.33944
4 95 7 10 DE 2.24704
4 96 7 11 F5 4.58048
4 102 8 5 F0 18.09778
4 103 8 6 E0 1.53054
4 104 8 7 D1 40.50094
4 105 8 8 F2 1.98698
4 106 8 9 A9 0.75805
4 107 8 10 BA 0.94086
4 108 8 11 DF 5.40411
4 114 9 5 A2 0.70500
4 115 9 6 E8 54.93193
4 116 9 7 E1 22.51160
4 117 9 8 D8 2.74255
4 118 9 9 0 0.01215
4 119 9 10 7E 0.49509
4 120 9 11 E2 3.17381
4 126 10 5 B0 0.83504
4 127 10 6 7D 0.49218
4 128 10 7 F4 2.04163
4 129 10 8 B6 0.88465
4 130 10 9 C1 1.02447
4 131 10 10 9B 0.66044
4 132 10 11 DC 2.90630
4 138 11 5 D7 1.35959
4 139 11 6 98 0.63531
4 140 11 7 D0 1.23139
4 141 11 8 BC 0.95248
4 142 11 9 E6 4.91985
4 143 11 10 E8 1.67545
4 144 11 11 E1 1.55576
4 150 12 5 EA 27.31806
4 151 12 6 F8 2.16192
4 152 12 7 F0 1.93925
4 153 12 8 D9 2.94650
4 154 12 9 CC 1.16416
4 155 12 10 BF 1.01042
4 156 12 11 F8 2.15872
4 162 13 5 C9 1.11268
4 163 13 6 63 0.39047
4 164 13 7 EB 15.42822
4 165 13 8 E5 8.74671
4 166 13 9 F7 3.23656
4 167 13 10 E6 1.63434
4 168 13 11 C5 1.06115
4 174 14 5 EE 4.13322
4 175 14 6 D1 24.95658
4 176 14 7 F3 14.09369
4 177 14 8 CB 1.14587
4 178 14 9 E8 5.32417
4 179 14 10 B4 0.86514
4 180 14 11 D5 3.18357
4 186 15 5 E5 1.63213
4 187 15 6 F6 6.66022
4 188 15 7 F6 5.56337
4 189 15 8 D7 10.72207
4 190 15 9 D1 1.22040
4 191 15 10 ED 1.76934
4 192 15 11 B8 0.91224
4 198 16 5 0 0.00112
4 199 16 6 E2 2.34124
4 200 16 7 F6 283.70303
4 201 16 8 2F 0.00219
4 202 16 9 E1 2.32861
4 203 16 10 E6 2.69819
4 204 16 11 AF 0.66536
4 205 17 0 FF 159.19619
4 206 17 1 D8 69.94460
4 207 17 2 D4 113.70303
4 208 17 3 EE 32.00638
4 209 17 4 FD 177.90255
4 210 17 5 FE 56.92495
4 211 17 6 F7 4.56540
4 212 17 7 E9 2.90865
4 213 17 8 8F 1.36337
4 214 17 9 CD 1.33978
4 215 17 10 B8 0.83034
4 216 17 11 CC 1.37820
4 217 18 0 3A 0.28011
4 218 18 1 EC 26.87468
4 219 18 2 FC 1226.33200
4 220 18 3 ED 30.10101
4 221 18 4 FF 187.05780
4 222 18 5 EE 3.51899
4 223 18 6 BB 0.86684
4 224 18 7 B9 0.83648
4 225 18 8 0 8979.20000
4 226 18 9 F0 19.17082
4 227 18 10 FE 45.20416
4 228 18 11 F0 8.57290
4 229 19 0 D8 2.13661
4 230 19 1 E0 3.06314
4 231 19 2 FF 8.33505
4 232 19 3 FF 158.69346
4 233 19 4 CA 1.23942
4 234 19 5 AC 0.63537
4 235 19 6 0 20.00000
4 236 19 7 B8 0.85759
4 237 19 8 C5 1.16240
4 238 19 9 FC 5.29785
4 239 19 10 F9 18.61365
4 240 19 11 FE 21.76632
4 241 20 0 FF 159.19619
4 242 20 1 E2 35.41297
4 243 20 2 FB 4.54974
4 244 20 3 D1 6.17617
4 245 20 4 F7 69.58473
4 246 20 5 FB 56.12540
4 247 20 6 C3 1.09828
4 248 20 7 E2 2.40517
4 249 20 8 F1 95.77325
4 250 20 9 FE 15.52931
4 251 20 10 F6 49.43830
4 252 20 11 F8 52.29156
4 253 21 0 F0 17.32169
4 254 21 1 F7 2.11859
4 255 21 2 9B 0.65439
4 256 21 3 E3 7.70744
4 257 21 4 C9 1.22537
4 258 21 5 0 983.68000
4 259 21 6 EA 43.62333
4 260 21 7 FC 17.93097
4 261 21 8 F8 21.13764
4 262 21 9 F0 137.03396
4 263 21 10 EB 18.07480
4 264 21 11 F1 105.06037
4 265 22 0 D4 11.56707
4 266 22 1 E9 3.55678
4 267 22 2 DA 272.20477
4 268 22 3 F1 1.94170
4 269 22 4 C4 1.07199
4 270 22 5 B3 0.71967
4 271 22 6 EB 3.14510
4 272 22 7 E6 2.61758
4 273 22 8 E6 2.76533
4 274 22 9 F1 20.96991
4 275 22 10 EF 10.88008
4 276 22 11 E4 2.39338
4 277 23 0 DC 1.42182
4 278 23 1 AD 0.79189
4 279 23 2 D9 1.35303
4 280 23 3 7A 0.47450
4 281 23 4 0 0.00114
4 282 23 5 FF 11.23878
4 283 23 6 F2 3.89691
4 284 23 7 E9 5.87621
4 285 23 8 DB 2.12764
4 286 23 9 FD 279.52841
4 287 23 10 0 0.00282
4 288 23 11 1 0.03672
