1 1 0 0 -1340 1.46300
1 2 0 1 -1306 1.06500
1 3 0 2 -1300 1.00000
1 4 0 3 -1362 1.78600
1 5 0 4 -1284 0.84900
1 6 0 5 -1293 0.93100
1 7 0 6 -1185 0.29300
1 8 0 7 -1404 2.55900
1 9 0 8 -1300 1.00000
1 10 0 9 -1375 2.00000
1 18 1 0 -1497 5.20400
1 19 1 1 0 0.00000
1 20 1 2 -1418 2.87700
1 21 1 3 -1300 1.00000
1 22 1 4 -1360 1.75400
1 23 1 5 -1276 0.78500
1 24 1 6 -1270 0.74200
1 25 1 7 -1196 0.33500
1 26 1 8 -1402 2.53000
1 27 1 9 -1420 2.92900
1 28 1 10 -1488 4.88100
1 35 2 0 -1343 1.50100
1 36 2 1 -1407 2.62100
1 37 2 2 -1258 0.65300
1 38 2 3 -1457 3.89100
1 39 2 4 -1325 1.26800
1 40 2 5 -1388 2.24800
1 41 2 6 -1232 0.49600
1 42 2 7 -1320 1.21000
1 43 2 8 -1331 1.34000
1 44 2 9 -1322 1.23600
1 45 2 10 -1462 4.03600
1 46 2 11 -1337 1.42100
1 52 3 0 -1364 1.82300
1 53 3 1 -1348 1.57400
1 54 3 2 -1365 1.83700
1 55 3 3 -1321 1.22000
1 56 3 4 -1293 0.93100
1 57 3 5 -1371 1.93900
1 58 3 6 -1313 1.13800
1 59 3 7 -1315 1.15800
1 60 3 8 -1307 1.07000
1 61 3 9 -1309 1.09000
1 62 3 10 -1301 1.00900
1 63 3 11 -1451 3.73200
1 64 3 12 -1258 0.65600
1 69 4 0 -1379 2.07600
1 70 4 1 -1318 1.19200
1 71 4 2 -1350 1.60500
1 72 4 3 -1322 1.23900
1 73 4 4 -1300 1.00000
1 74 4 5 -1297 0.97200
1 75 4 6 -1329 1.31800
1 76 4 7 -1343 1.49900
1 77 4 8 -1338 1.43400
1 78 4 9 -1323 1.24900
1 79 4 10 -1404 2.55900
1 80 4 11 -1307 1.06700
1 81 4 12 -1444 3.54200
1 82 4 13 -1308 1.08600
1 86 5 0 -1300 1.00000
1 87 5 1 -1190 0.31200
1 88 5 2 -1462 4.05500
1 89 5 3 -1315 1.15200
1 90 5 4 -1326 1.28800
1 91 5 5 -1309 1.09100
1 92 5 6 -1321 1.22400
1 93 5 7 -1331 1.34300
1 94 5 8 -1445 3.56400
1 95 5 9 -1271 0.74500
1 96 5 10 -1321 1.22300
1 97 5 11 -1410 2.68900
1 98 5 12 -1309 1.09100
1 99 5 13 -1343 1.50100
1 100 5 14 -1305 1.05300
1 103 6 0 -1261 0.67500
1 104 6 1 -1365 1.83400
1 105 6 2 -1324 1.26500
1 106 6 3 -1297 0.97500
1 107 6 4 -1376 2.01500
1 108 6 5 -1300 1.00000
1 109 6 6 -1359 1.73400
1 110 6 7 -1213 0.40100
1 111 6 8 -1358 1.71600
1 112 6 9 -1289 0.90100
1 113 6 10 -1353 1.64100
1 114 6 11 -1411 2.71300
1 115 6 12 -1293 0.93300
1 116 6 13 -1547 7.23500
1 117 6 14 -1496 5.15700
1 118 6 15 -1300 1.00000
1 120 7 0 -1354 1.66600
1 121 7 1 -1338 1.44200
1 122 7 2 -1399 2.45400
1 123 7 3 -1304 1.03700
1 124 7 4 -1369 1.89500
1 125 7 5 -1389 2.26700
1 126 7 6 -1371 1.93100
1 127 7 7 -1313 1.13200
1 128 7 8 -1368 1.88900
1 129 7 9 -1343 1.50100
1 130 7 10 -1325 1.27300
1 131 7 11 -1298 0.98100
1 132 7 12 -1273 0.76400
1 133 7 13 -1466 4.17900
1 134 7 14 -1496 5.17500
1 135 7 15 -1337 1.42100
1 136 7 16 -1553 7.50800
1 137 8 0 -1291 0.91600
1 138 8 1 -1303 1.02900
1 139 8 2 -1382 2.13300
1 140 8 3 -1339 1.44600
1 141 8 4 -1375 2.00700
1 142 8 5 -1325 1.27400
1 143 8 6 -1391 2.29700
1 144 8 7 -1346 1.54900
1 145 8 8 -1396 2.39100
1 146 8 9 -1323 1.25000
1 147 8 10 -1302 1.02200
1 148 8 11 -1356 1.70000
1 149 8 12 -1357 1.70400
1 150 8 13 -1341 1.47700
1 151 8 14 -1343 1.50100
1 152 8 15 -1461 4.01300
1 153 8 16 -1530 6.48700
1 162 9 8 -1340 1.46700
1 163 9 9 -1554 7.55400
1 164 9 10 -1300 1.00000
1 165 9 11 -1362 1.78200
1 166 9 12 -1322 1.24100
1 167 9 13 -1287 0.87700
1 168 9 14 -1353 1.65000
1 169 9 15 -1525 6.29700
1 170 9 16 -1590 9.33200
1 179 10 8 -1311 1.11400
1 180 10 9 -1434 3.25500
1 181 10 10 -1354 1.65700
1 182 10 11 -1323 1.24900
1 183 10 12 -1347 1.55700
1 184 10 13 -1371 1.92900
1 185 10 14 -1498 5.22700
1 186 10 15 -1333 1.37700
1 187 10 16 -1273 0.76300
1 196 11 8 -1371 1.93200
1 197 11 9 -1358 1.71800
1 198 11 10 -1372 1.95300
1 199 11 11 -1400 2.47400
1 200 11 12 -1347 1.56700
1 201 11 13 -1220 0.43400
1 202 11 14 -1304 1.04400
1 203 11 15 -1350 1.60300
1 204 11 16 -1355 1.68500
1 213 12 8 -1394 2.36200
1 214 12 9 -1424 3.00600
1 215 12 10 -1382 2.13600
1 216 12 11 -1257 0.65000
1 217 12 12 -1415 2.79800
1 218 12 13 -1350 1.59900
1 219 12 14 -1334 1.38500
1 220 12 15 -1368 1.88100
1 221 12 16 -1401 2.50100
1 230 13 8 -1349 1.59300
1 231 13 9 -1365 1.83300
1 232 13 10 -1398 2.43100
1 233 13 11 -1283 0.84400
1 234 13 12 -1449 3.66800
1 235 13 13 -1349 1.58300
1 236 13 14 -1545 7.15600
1 237 13 15 -1335 1.39800
1 238 13 16 -1249 0.59300
1 247 14 8 -1393 2.33800
1 248 14 9 -1317 1.18200
1 249 14 10 -1300 1.00000
1 250 14 11 -1371 1.93600
1 251 14 12 -1370 1.92100
1 252 14 13 -1174 0.26000
1 253 14 14 -1308 1.07700
1 254 14 15 -1423 3.00000
1 255 14 16 -1261 0.67200
1 264 15 8 -1381 2.11100
1 265 15 9 -1381 2.11100
1 266 15 10 -1349 1.59400
1 267 15 11 -1307 1.07500
1 268 15 12 -1240 0.53900
1 269 15 13 -1300 1.00000
1 270 15 14 -1374 1.99200
1 271 15 15 -1409 2.66400
1 272 15 16 -1275 0.78000
1 281 16 8 -1211 0.39300
1 282 16 9 -1388 2.24600
1 283 16 10 -1362 1.79400
1 284 16 11 -1250 0.60000
1 285 16 12 -1237 0.52400
1 286 16 13 -1320 1.21600
1 287 16 14 -1499 5.28100
1 288 16 15 -1371 1.93500
1 289 16 16 -1227 0.46800
1 298 17 8 -1342 1.49300
1 299 17 9 -1332 1.36100
1 300 17 10 -1361 1.77100
1 301 17 11 -1380 2.10000
1 302 17 12 -1344 1.52000
1 303 17 13 -1411 2.71200
1 304 17 14 -1395 2.37800
1 305 17 15 -1330 1.33100
1 306 17 16 -1280 0.82100
1 315 18 8 -1342 1.48400
1 316 18 9 -1204 0.36400
1 317 18 10 -1277 0.79600
1 318 18 11 -1422 2.97600
1 319 18 12 -1227 0.46900
1 320 18 13 -1347 1.56100
1 321 18 14 -1398 2.44300
1 322 18 15 -1536 6.76000
1 323 18 16 -1343 1.50700
1 332 19 8 -1374 1.98200
1 333 19 9 -1343 1.50100
1 334 19 10 -1397 2.41100
1 335 19 11 -1365 1.83000
1 336 19 12 -1316 1.17100
1 337 19 13 -1311 1.11000
1 338 19 14 -1296 0.95900
1 339 19 15 -1314 1.14600
1 340 19 16 -1363 1.80500
1 349 20 8 -1401 2.50100
1 350 20 9 -1413 2.76000
1 351 20 10 -1290 0.90400
1 352 20 11 -1411 2.70900
1 353 20 12 -1306 1.06200
1 354 20 13 -1343 1.50100
1 355 20 14 -1378 2.04900
1 356 20 15 -1296 0.96400
1 357 20 16 -1296 0.96400
1 366 21 8 -1343 1.50100
1 367 21 9 -1336 1.40900
1 368 21 10 -1365 1.84200
1 369 21 11 -1303 1.03400
1 370 21 12 -1341 1.47700
1 371 21 13 -1320 1.21600
1 372 21 14 -1281 0.82500
1 373 21 15 -1298 0.97900
1 374 21 16 -1321 1.21900
1 383 22 8 -1417 2.85200
1 384 22 9 -1300 0.99700
1 385 22 10 -1393 2.33600
1 386 22 11 -1393 2.34100
1 387 22 12 -1079 0.08000
1 388 22 13 -1411 2.70800
1 389 22 14 -1315 1.15300
1 390 22 15 -1401 2.50100
1 391 22 16 -1385 2.18900
1 400 23 8 -1374 1.99000
1 401 23 9 -1359 1.74300
1 402 23 10 -1286 0.86900
1 403 23 11 -1401 2.50100
1 404 23 12 -1429 3.12900
1 405 23 13 -1348 1.57600
1 406 23 14 -1273 0.76500
1 407 23 15 -1188 0.30300
1 408 23 16 -1283 0.84500
1 417 24 8 -1378 2.05900
1 418 24 9 -1327 1.29300
1 419 24 10 -1271 0.74700
1 420 24 11 -1344 1.51700
1 421 24 12 -1280 0.81900
1 422 24 13 -1315 1.15600
1 423 24 14 -1415 2.79600
1 424 24 15 -1262 0.68100
1 425 24 16 -1341 1.47300
1 426 25 0 -1318 1.18600
1 427 25 1 -1326 1.28100
1 428 25 2 -1343 1.50100
1 429 25 3 -1336 1.40600
1 430 25 4 -1249 0.59700
1 431 25 5 -1375 2.00300
1 432 25 6 -1343 1.50600
1 433 25 7 -1361 1.76700
1 434 25 8 -1314 1.14400
1 435 25 9 -1407 2.62000
1 436 25 10 -1302 1.02000
1 437 25 11 -1391 2.29500
1 438 25 12 -1345 1.52800
1 439 25 13 -1249 0.59500
1 440 25 14 -1376 2.02900
1 441 25 15 -1382 2.12800
1 442 25 16 -1382 2.12400
1 443 26 0 -1364 1.82600
1 444 26 1 -1445 3.54600
1 445 26 2 -1329 1.32400
1 446 26 3 -1331 1.34300
1 447 26 4 -1313 1.14000
1 448 26 5 -1447 3.60800
1 449 26 6 -1385 2.18200
1 450 26 7 -1278 0.80000
1 451 26 8 -1401 2.50100
1 452 26 9 -1274 0.77200
1 453 26 10 -1293 0.93700
1 454 26 11 -1324 1.26400
1 455 26 12 -1326 1.28000
1 456 26 13 -1166 0.23500
1 457 26 14 -1257 0.64500
1 458 26 15 -1494 5.09000
1 459 26 16 -1398 2.43300
1 460 27 0 -1339 1.45200
1 461 27 1 -1293 0.93300
1 462 27 2 -1301 1.01400
1 463 27 3 -1340 1.46900
1 464 27 4 -1441 3.45700
1 465 27 5 -1344 1.52100
1 466 27 6 -1291 0.91400
1 467 27 7 -1359 1.73200
1 468 27 8 -1343 1.50100
1 469 27 9 -1314 1.14400
1 470 27 10 -1322 1.24000
1 471 27 11 -1357 1.71200
1 472 27 12 -1284 0.85000
1 473 27 13 -1454 3.80500
1 474 27 14 -1450 3.70900
1 475 27 15 -1395 2.38400
1 477 28 0 -1416 2.83600
1 478 28 1 -1385 2.17900
1 479 28 2 -1347 1.56200
1 480 28 3 -1279 0.80800
1 481 28 4 -1358 1.71700
1 482 28 5 -1300 1.00400
1 483 28 6 -1436 3.31500
1 484 28 7 -1334 1.38500
1 485 28 8 -1318 1.18800
1 486 28 9 -1289 0.89400
1 487 28 10 -1328 1.31200
1 488 28 11 -1327 1.29800
1 489 28 12 -1355 1.67200
1 490 28 13 -1295 0.94800
1 491 28 14 -1483 4.70800
1 494 29 0 -1394 2.35100
1 495 29 1 -1332 1.36400
1 496 29 2 -1335 1.40000
1 497 29 3 -1312 1.12000
1 498 29 4 -1419 2.90500
1 499 29 5 -1283 0.84800
1 500 29 6 -1401 2.50100
1 501 29 7 -1313 1.13000
1 502 29 8 -1337 1.42400
1 503 29 9 -1277 0.79700
1 504 29 10 -1271 0.75000
1 505 29 11 -1299 0.99100
1 506 29 12 -1248 0.58600
1 507 29 13 -1285 0.86300
1 511 30 0 -1373 1.96300
1 512 30 1 -1361 1.76600
1 513 30 2 -1366 1.85400
1 514 30 3 -1397 2.42600
1 515 30 4 -1445 3.54700
1 516 30 5 -1326 1.28100
1 517 30 6 -1331 1.34700
1 518 30 7 -1359 1.74400
1 519 30 8 -1327 1.29800
1 520 30 9 -1307 1.06900
1 521 30 10 -1360 1.75800
1 522 30 11 -1244 0.56500
1 523 30 12 -1452 3.75600
1 528 31 0 -1255 0.63400
1 529 31 1 -1355 1.67200
1 530 31 2 -1400 2.47600
1 531 31 3 -1276 0.78600
1 532 31 4 -1407 2.62600
1 533 31 5 -1321 1.22300
1 534 31 6 -1298 0.98500
1 535 31 7 -1323 1.25400
1 536 31 8 -1250 0.60400
1 537 31 9 -1261 0.67800
1 538 31 10 -1281 0.82700
1 539 31 11 -1288 0.88800
1 545 32 0 -1371 1.93400
1 546 32 1 -1260 0.66600
1 547 32 2 -1305 1.04800
1 548 32 3 -1467 4.19300
1 549 32 4 -1414 2.77400
1 550 32 5 -1343 1.50500
1 551 32 6 -1314 1.14200
1 552 32 7 -1355 1.67300
1 553 32 8 -1353 1.65100
1 554 32 9 -1359 1.73200
1 555 32 10 -1506 5.53100
1 562 33 0 -1284 0.85200
1 563 33 1 -1407 2.62500
1 564 33 2 -1442 3.47600
1 565 33 3 -1298 0.97600
1 566 33 4 -1343 1.50100
1 567 33 5 -1300 1.00000
1 568 33 6 -1408 2.64100
1 569 33 7 -1300 0.99600
1 570 33 8 -1257 0.64600
1 571 33 9 -1481 4.65200
2 1 0 0 -1278 0.80000
2 2 0 1 -1436 3.32900
2 3 0 2 -1364 1.82500
2 4 0 3 -1375 2.00000
2 5 0 4 -1327 1.30000
2 6 0 5 -1439 3.40600
2 7 0 6 -1252 0.61100
2 8 0 7 -1297 0.97000
2 9 0 8 -1312 1.12100
2 10 0 9 -1273 0.76000
2 18 1 0 -1278 0.80100
2 19 1 1 -1401 2.50700
2 20 1 2 -1316 1.17100
2 21 1 3 -1264 0.69900
2 22 1 4 -1374 1.98100
2 23 1 5 -1301 1.00600
2 24 1 6 -1354 1.66000
2 25 1 7 -1263 0.69000
2 26 1 8 -1319 1.20400
2 27 1 9 -1324 1.26500
2 28 1 10 -1412 2.74200
2 35 2 0 -1300 1.00000
2 36 2 1 -1365 1.83300
2 37 2 2 -1332 1.35400
2 38 2 3 -1335 1.40000
2 39 2 4 -1491 5.00000
2 40 2 5 -1324 1.26300
2 41 2 6 -1277 0.79200
2 42 2 7 -1288 0.88700
2 43 2 8 -1274 0.77300
2 44 2 9 -1397 2.41300
2 45 2 10 -1264 0.69500
2 46 2 11 -1428 3.11800
2 52 3 0 -1331 1.34200
2 53 3 1 -1335 1.39900
2 54 3 2 -1350 1.60400
2 55 3 3 -1308 1.08100
2 56 3 4 -1278 0.80000
2 57 3 5 -1322 1.23800
2 58 3 6 -1282 0.83600
2 59 3 7 -1323 1.25000
2 60 3 8 -1340 1.46100
2 61 3 9 -1258 0.65500
2 62 3 10 -1326 1.29000
2 63 3 11 -1268 0.72800
2 64 3 12 -1294 0.94100
2 69 4 0 -1339 1.45000
2 70 4 1 -1352 1.63800
2 71 4 2 -1289 0.89700
2 72 4 3 -1306 1.06300
2 73 4 4 -1491 5.00000
2 74 4 5 -1262 0.67900
2 75 4 6 -1321 1.22000
2 76 4 7 -1231 0.48900
2 77 4 8 -1255 0.63600
2 78 4 9 -1343 1.50100
2 79 4 10 -1536 6.73100
2 80 4 11 -1185 0.29400
2 81 4 12 -1399 2.46900
2 82 4 13 -1491 4.98400
2 86 5 0 -1335 1.39700
2 87 5 1 -1388 2.23900
2 88 5 2 -1371 1.93200
2 89 5 3 -1343 1.51100
2 90 5 4 -1329 1.32000
2 91 5 5 -1338 1.43000
2 92 5 6 -1223 0.45200
2 93 5 7 -1401 2.50100
2 94 5 8 -1346 1.54200
2 95 5 9 -1317 1.17600
2 96 5 10 -1200 0.34700
2 97 5 11 -1324 1.26400
2 98 5 12 -1365 1.83700
2 99 5 13 -1449 3.66400
2 100 5 14 -1270 0.74400
2 103 6 0 -1320 1.21000
2 104 6 1 -1296 0.95700
2 105 6 2 -1316 1.16700
2 106 6 3 -1285 0.86400
2 107 6 4 -1324 1.25900
2 108 6 5 -1297 0.97300
2 109 6 6 -1263 0.69000
2 110 6 7 -1313 1.13100
2 111 6 8 -1295 0.95600
2 112 6 9 -1300 1.00000
2 113 6 10 -1359 1.74600
2 114 6 11 -1307 1.06800
2 115 6 12 -1367 1.87000
2 116 6 13 -1346 1.55100
2 117 6 14 -1401 2.51000
2 118 6 15 -1358 1.72000
2 120 7 0 -1327 1.30200
2 121 7 1 -1362 1.78100
2 122 7 2 -1385 2.18000
2 123 7 3 -1335 1.39700
2 124 7 4 -1356 1.68900
2 125 7 5 -1354 1.66600
2 126 7 6 -1346 1.54700
2 127 7 7 -1340 1.47000
2 128 7 8 -1315 1.15600
2 129 7 9 -1336 1.40600
2 130 7 10 -1271 0.74700
2 131 7 11 -1343 1.50100
2 132 7 12 -1210 0.38800
2 133 7 13 -1273 0.76300
2 134 7 14 -1386 2.21200
2 135 7 15 -1295 0.95100
2 136 7 16 -1472 4.37200
2 137 8 0 -1368 1.87900
2 138 8 1 -1286 0.87400
2 139 8 2 -1287 0.87600
2 140 8 3 -1346 1.55200
2 141 8 4 -1327 1.29300
2 142 8 5 -1326 1.28500
2 143 8 6 -1319 1.20000
2 144 8 7 -1270 0.74000
2 145 8 8 -1314 1.14200
2 146 8 9 -1276 0.78300
2 147 8 10 -1409 2.67100
2 148 8 11 -1285 0.86300
2 149 8 12 -1339 1.44400
2 150 8 13 -1375 2.00000
2 151 8 14 -1187 0.30100
2 152 8 15 -1551 7.40800
2 153 8 16 -1279 0.81500
2 162 9 8 -1294 0.93800
2 163 9 9 -1259 0.65800
2 164 9 10 -1339 1.45400
2 165 9 11 -1189 0.30600
2 166 9 12 -1313 1.14000
2 167 9 13 -1321 1.22000
2 168 9 14 -1267 0.71500
2 169 9 15 -1300 1.00000
2 170 9 16 -1266 0.71000
2 179 10 8 -1329 1.32600
2 180 10 9 -1361 1.77700
2 181 10 10 -1343 1.50100
2 182 10 11 -1414 2.78200
2 183 10 12 -1321 1.22600
2 184 10 13 -1347 1.55400
2 185 10 14 -1228 0.47700
2 186 10 15 -1534 6.66600
2 187 10 16 -1308 1.07900
2 196 11 8 -1340 1.46600
2 197 11 9 -1344 1.51300
2 198 11 10 -1483 4.70400
2 199 11 11 -1531 6.52300
2 200 11 12 -1396 2.40000
2 201 11 13 -1300 1.00000
2 202 11 14 -1300 1.00000
2 203 11 15 -1465 4.13300
2 204 11 16 -1282 0.83300
2 213 12 8 -1345 1.52800
2 214 12 9 -1338 1.43800
2 215 12 10 -1342 1.49600
2 216 12 11 -1334 1.38900
2 217 12 12 -1316 1.16700
2 218 12 13 -1300 1.00000
2 219 12 14 -1343 1.50100
2 220 12 15 -1343 1.50100
2 221 12 16 -1347 1.55800
2 230 13 8 -1294 0.94700
2 231 13 9 -1288 0.88400
2 232 13 10 -1425 3.05300
2 233 13 11 -1443 3.49700
2 234 13 12 -1307 1.07100
2 235 13 13 -1197 0.33700
2 236 13 14 -1420 2.91900
2 237 13 15 -1343 1.50100
2 238 13 16 -1443 3.49000
2 247 14 8 -1291 0.91300
2 248 14 9 -1318 1.18600
2 249 14 10 -1382 2.13500
2 250 14 11 -1337 1.42900
2 251 14 12 -1343 1.50100
2 252 14 13 -1300 1.00000
2 253 14 14 -1329 1.31800
2 254 14 15 -1300 1.00000
2 255 14 16 -1187 0.30200
2 264 15 8 -1343 1.50100
2 265 15 9 -1379 2.07900
2 266 15 10 -1343 1.50100
2 267 15 11 -1300 1.00000
2 268 15 12 -1383 2.15500
2 269 15 13 -1582 8.88700
2 270 15 14 -1400 2.48900
2 271 15 15 -1449 3.67900
2 272 15 16 -1307 1.07500
2 281 16 8 -1314 1.14300
2 282 16 9 -1292 0.92300
2 283 16 10 -1300 1.00000
2 284 16 11 -1260 0.66700
2 285 16 12 -1578 8.72200
2 286 16 13 -1343 1.50100
2 287 16 14 -1515 5.88500
2 288 16 15 -1381 2.11800
2 289 16 16 -1290 0.90600
2 298 17 8 -1472 4.35500
2 299 17 9 -1300 1.00000
2 300 17 10 -1343 1.50100
2 301 17 11 -1434 3.25500
2 302 17 12 -1554 7.53800
2 303 17 13 -1300 1.00000
2 304 17 14 -1479 4.58700
2 305 17 15 -1340 1.46300
2 306 17 16 -1416 2.83900
2 315 18 8 -1407 2.61900
2 316 18 9 -1450 3.70000
2 317 18 10 -1343 1.50100
2 318 18 11 -1385 2.18700
2 319 18 12 -1343 1.50100
2 320 18 13 -1456 3.85500
2 321 18 14 -1543 7.06500
2 322 18 15 -1454 3.79900
2 323 18 16 -1313 1.13400
2 332 19 8 -1375 2.00000
2 333 19 9 -1423 3.00000
2 334 19 10 -1419 2.90900
2 335 19 11 -1361 1.76700
2 336 19 12 -1343 1.50100
2 337 19 13 -1331 1.35100
2 338 19 14 -1523 6.20800
2 339 19 15 -1444 3.52700
2 340 19 16 -1419 2.90300
2 349 20 8 -1491 5.00000
2 350 20 9 -1375 2.00000
2 351 20 10 -1401 2.50000
2 352 20 11 -1300 1.00000
2 353 20 12 -1300 1.00000
2 354 20 13 -1335 1.40000
2 355 20 14 -1300 1.00000
2 356 20 15 -1300 1.00000
2 357 20 16 -1425 3.03700
2 366 21 8 -1343 1.50100
2 367 21 9 -1387 2.22400
2 368 21 10 -1486 4.81700
2 369 21 11 -1401 2.50100
2 370 21 12 -1393 2.34600
2 371 21 13 -1467 4.19800
2 372 21 14 -1300 1.00000
2 373 21 15 -1445 3.54800
2 374 21 16 -1401 2.50100
2 383 22 8 -1300 1.00000
2 384 22 9 -1404 2.56300
2 385 22 10 -1437 3.33600
2 386 22 11 -1440 3.42700
2 387 22 12 -1396 2.40000
2 388 22 13 -1422 2.97600
2 389 22 14 -1384 2.16700
2 390 22 15 -1401 2.50100
2 391 22 16 -1480 4.60600
2 400 23 8 -1423 3.00000
2 401 23 9 -1499 5.27900
2 402 23 10 -1424 3.00600
2 403 23 11 -1300 1.00000
2 404 23 12 -1413 2.76200
2 405 23 13 -1300 1.00000
2 406 23 14 -1428 3.12100
2 407 23 15 -1398 2.43400
2 408 23 16 -1380 2.08700
2 417 24 8 -1375 2.00000
2 418 24 9 -1375 2.00000
2 419 24 10 -1375 2.00000
2 420 24 11 -1449 3.66600
2 421 24 12 -1343 1.50100
2 422 24 13 -1300 1.00000
2 423 24 14 -1305 1.04600
2 424 24 15 -1480 4.63000
2 425 24 16 -1300 1.00000
2 426 25 0 -1375 2.00000
2 427 25 1 -1464 4.10000
2 428 25 2 -1415 2.80000
2 429 25 3 -1401 2.50100
2 430 25 4 -1431 3.20000
2 431 25 5 -1397 2.41800
2 432 25 6 -1383 2.13900
2 433 25 7 -1439 3.40600
2 434 25 8 -1404 2.57300
2 435 25 9 -1471 4.33100
2 436 25 10 -1419 2.88700
2 437 25 11 -1433 3.24500
2 438 25 12 -1300 1.00000
2 439 25 13 -1381 2.11200
2 440 25 14 -1294 0.94000
2 441 25 15 -1516 5.92500
2 442 25 16 -1417 2.84300
2 443 26 0 -1375 2.00000
2 444 26 1 -1423 3.00000
2 445 26 2 -1343 1.50100
2 446 26 3 -1401 2.50000
2 447 26 4 -1343 1.50000
2 448 26 5 -1401 2.50100
2 449 26 6 -1547 7.24400
2 450 26 7 -1374 1.98300
2 451 26 8 -1342 1.48700
2 452 26 9 -1300 1.00000
2 453 26 10 -1464 4.10000
2 454 26 11 -1347 1.55800
2 455 26 12 -1363 1.79700
2 456 26 13 -1272 0.75400
2 457 26 14 -1464 4.11900
2 458 26 15 -1485 4.77600
2 459 26 16 -1425 3.03100
2 460 27 0 -1356 1.70000
2 461 27 1 -1478 4.55000
2 462 27 2 -1460 3.99600
2 463 27 3 -1354 1.66000
2 464 27 4 -1438 3.36000
2 465 27 5 -1320 1.21200
2 466 27 6 -1365 1.83900
2 467 27 7 -1418 2.87100
2 468 27 8 -1397 2.42700
2 469 27 9 -1284 0.85300
2 470 27 10 -1431 3.17800
2 471 27 11 -1325 1.27200
2 472 27 12 -1290 0.90600
2 473 27 13 -1401 2.50700
2 474 27 14 -1332 1.36300
2 475 27 15 -1440 3.43000
2 477 28 0 -1498 5.25400
2 478 28 1 -1400 2.47700
2 479 28 2 -1470 4.30400
2 480 28 3 -1401 2.50100
2 481 28 4 -1507 5.57100
2 482 28 5 -1300 0.99600
2 483 28 6 -1347 1.55900
2 484 28 7 -1343 1.50100
2 485 28 8 -1319 1.20100
2 486 28 9 -1301 1.00500
2 487 28 10 -1267 0.72100
2 488 28 11 -1343 1.50100
2 489 28 12 -1258 0.65700
2 490 28 13 -1320 1.21000
2 491 28 14 -1410 2.69100
2 494 29 0 -1335 1.40200
2 495 29 1 -1350 1.60100
2 496 29 2 -1334 1.38200
2 497 29 3 -1457 3.90700
2 498 29 4 -1379 2.07600
2 499 29 5 -1348 1.57000
2 500 29 6 -1435 3.30400
2 501 29 7 -1482 4.67100
2 502 29 8 -1401 2.50100
2 503 29 9 -1287 0.87500
2 504 29 10 -1300 1.00000
2 505 29 11 -1382 2.12300
2 506 29 12 -1278 0.80000
2 507 29 13 -1278 0.80000
2 511 30 0 -1292 0.92600
2 512 30 1 -1351 1.62300
2 513 30 2 -1318 1.18500
2 514 30 3 -1317 1.17600
2 515 30 4 -1328 1.30900
2 516 30 5 -1347 1.55700
2 517 30 6 -1305 1.04900
2 518 30 7 -1309 1.08800
2 519 30 8 -1301 1.01400
2 520 30 9 -1315 1.15300
2 521 30 10 -1419 2.89800
2 522 30 11 -1323 1.24500
2 523 30 12 -1414 2.78100
2 528 31 0 -1287 0.88200
2 529 31 1 -1330 1.33300
2 530 31 2 -1403 2.53900
2 531 31 3 -1261 0.67800
2 532 31 4 -1404 2.55400
2 533 31 5 -1284 0.85300
2 534 31 6 -1267 0.71900
2 535 31 7 -1300 1.00000
2 536 31 8 -1300 1.00400
2 537 31 9 -1386 2.20700
2 538 31 10 -1538 6.84700
2 539 31 11 -1324 1.26000
2 545 32 0 -1302 1.01600
2 546 32 1 -1346 1.54600
2 547 32 2 -1281 0.82400
2 548 32 3 -1324 1.25800
2 549 32 4 -1290 0.90700
2 550 32 5 -1329 1.31500
2 551 32 6 -1463 4.07200
2 552 32 7 -1401 2.50100
2 553 32 8 -1355 1.68500
2 554 32 9 -1305 1.05300
2 555 32 10 -1474 4.42800
2 562 33 0 -1399 2.44900
2 563 33 1 -1275 0.77800
2 564 33 2 -1420 2.91100
2 565 33 3 -1425 3.04200
2 566 33 4 -1448 3.64000
2 567 33 5 -1264 0.69500
2 568 33 6 -1344 1.52500
2 569 33 7 -1362 1.78100
2 570 33 8 -1401 2.50100
2 571 33 9 -1364 1.81300
