3 1 0 0 B3 1.28900
3 2 0 1 97 0.88800
3 3 0 2 79 0.60500
3 4 0 3 ED 2.95900
3 5 0 4 BC 1.95800
3 6 0 5 7D 0.50000
3 7 0 6 55 0.26900
3 8 0 7 BF 2.12800
3 9 0 8 A8 1.19800
3 10 0 9 AB 1.27600
3 11 0 10 AB 1.30000
3 12 0 11 A0 1.00000
3 13 1 0 BB 1.45100
3 14 1 1 D9 2.21500
3 15 1 2 E1 2.46700
3 16 1 3 E3 2.53500
3 17 1 4 B3 1.56600
3 18 1 5 E8 6.78300
3 19 1 6 B0 1.45600
3 20 1 7 C0 2.13800
3 21 1 8 B4 1.59800
3 22 1 9 AB 1.27900
3 23 1 10 C5 2.49900
3 24 1 11 B9 1.79000
3 25 2 0 CA 1.79200
3 26 2 1 DF 2.40100
3 27 2 2 E6 2.68200
3 28 2 3 B8 1.38800
3 29 2 4 B8 1.77100
3 30 2 5 C0 2.16600
3 31 2 6 C4 2.41100
3 32 2 7 A5 1.12600
3 33 2 8 D2 3.56100
3 34 2 9 BD 2.01600
3 35 2 10 F1 8.96000
3 36 2 11 D1 3.39900
3 37 3 0 D3 2.02100
3 38 3 1 D7 2.12800
3 39 3 2 B1 1.25500
3 40 3 3 A0 0.99700
3 41 3 4 A0 1.00000
3 42 3 5 8D 0.66900
3 43 3 6 D7 4.03000
3 44 3 7 B3 1.56100
3 45 3 8 B3 1.54100
3 46 3 9 CB 2.93300
3 47 3 10 CC 2.99800
3 48 3 11 79 0.46200
3 49 4 0 89 0.74100
3 50 4 1 B0 1.23500
3 51 4 2 88 0.73400
3 52 4 3 A7 1.09800
3 53 4 4 9D 0.93400
3 54 4 5 A4 1.10000
3 55 4 6 AE 1.36700
3 56 4 7 BA 1.87000
3 57 4 8 D0 3.38200
3 58 4 9 D5 3.86800
3 59 4 10 D4 3.70700
3 60 4 11 AE 1.39000
3 61 5 0 AD 1.18800
3 62 5 1 9B 0.93600
3 63 5 2 B5 1.32400
3 64 5 3 92 0.82900
3 65 5 4 9F 0.98100
3 66 5 5 B8 1.75500
3 67 5 6 A2 1.05000
3 68 5 7 AF 1.41200
3 69 5 8 A4 1.09900
3 70 5 9 A1 1.02000
3 71 5 10 BB 1.90800
3 72 5 11 CF 3.23500
3 73 6 0 88 0.73300
3 74 6 1 8A 0.74600
3 75 6 2 B4 1.30100
3 76 6 3 72 0.55800
3 77 6 4 B1 1.50000
3 78 6 5 8F 0.69600
3 79 6 6 A0 1.00000
3 80 6 7 C0 2.14100
3 81 6 8 E9 7.05400
3 82 6 9 C1 2.21300
3 83 6 10 C2 2.29000
3 84 6 11 BF 2.13000
3 90 7 5 7C 0.48800
3 91 7 6 BB 1.90200
3 92 7 7 BC 1.93000
3 93 7 8 BD 2.01400
3 94 7 9 C8 2.69200
3 95 7 10 C2 2.27000
3 96 7 11 91 0.72500
3 102 8 5 95 0.86700
3 103 8 6 A2 1.02800
3 104 8 7 B8 1.39100
3 105 8 8 F4 3.29200
3 106 8 9 ED 2.96100
3 107 8 10 B5 1.33000
3 108 8 11 EC 2.93300
3 114 9 5 B9 1.41100
3 115 9 6 A7 1.09200
3 116 9 7 93 0.83800
3 117 9 8 DF 2.40600
3 118 9 9 D8 2.16500
3 119 9 10 E0 2.44900
3 120 9 11 7C 0.62500
3 126 10 5 6C 0.51800
3 127 10 6 AF 1.22400
3 128 10 7 53 0.38400
3 129 10 8 CC 1.83700
3 130 10 9 A8 1.12000
3 131 10 10 D9 2.21500
3 132 10 11 D2 8.00000
3 138 11 5 36 0.06900
3 139 11 6 9F 0.99100
3 140 11 7 91 0.82500
3 141 11 8 C7 1.71700
3 142 11 9 CB 1.80100
3 143 11 10 B0 1.24100
3 144 11 11 A4 1.05000
3 150 12 5 75 0.57800
3 151 12 6 AC 1.17600
3 152 12 7 B8 1.38700
3 153 12 8 E3 2.54300
3 154 12 9 B5 1.33000
3 155 12 10 A0 1.00000
3 156 12 11 EF 3.07200
3 162 13 5 9D 0.96000
3 163 13 6 A1 1.01400
3 164 13 7 85 0.70400
3 165 13 8 D9 2.20900
3 166 13 9 EE 3.00800
3 167 13 10 DB 2.27900
3 168 13 11 C0 1.54500
3 174 14 5 90 0.80600
3 175 14 6 E9 2.80400
3 176 14 7 A0 1.00600
3 177 14 8 E5 2.63400
3 178 14 9 B7 1.35800
3 179 14 10 A0 1.00000
3 180 14 11 C3 1.61900
3 186 15 5 69 0.50000
3 187 15 6 9A 0.92100
3 188 15 7 BF 1.53100
3 189 15 8 F2 3.18300
3 190 15 9 D6 2.11000
3 191 15 10 94 0.85500
3 192 15 11 78 0.60100
3 198 16 5 A0 1.00000
3 199 16 6 C2 2.29700
3 200 16 7 BE 2.07500
3 201 16 8 C4 2.41000
3 202 16 9 BF 2.11900
3 203 16 10 C5 2.50000
3 204 16 11 A0 1.00000
3 205 17 0 8B 0.75900
3 206 17 1 A5 1.07600
3 207 17 2 80 0.66400
3 208 17 3 B2 1.27700
3 209 17 4 A0 1.00000
3 210 17 5 A0 1.00000
3 211 17 6 B9 1.80500
3 212 17 7 BE 2.03000
3 213 17 8 CC 2.96300
3 214 17 9 C3 2.34900
3 215 17 10 AF 1.42400
3 216 17 11 97 0.82700
3 217 18 0 A5 1.06900
3 218 18 1 AB 1.15700
3 219 18 2 C4 1.62500
3 220 18 3 B7 1.36600
3 221 18 4 CA 2.79600
3 222 18 5 96 0.80000
3 223 18 6 A5 1.12200
3 224 18 7 BB 1.90700
3 225 18 8 D5 3.82000
3 226 18 9 D7 4.04900
3 227 18 10 D1 3.48100
3 228 18 11 CD 3.07100
3 229 19 0 A7 1.09600
3 230 19 1 66 0.47800
3 231 19 2 D0 1.93500
3 232 19 3 B6 1.35000
3 233 19 4 BC 1.95800
3 234 19 5 BE 2.08100
3 235 19 6 AB 1.29300
3 236 19 7 C4 2.40100
3 237 19 8 C0 2.17400
3 238 19 9 B3 1.55600
3 239 19 10 C3 2.36400
3 240 19 11 8E 0.68700
3 241 20 0 CC 1.83300
3 242 20 1 D2 1.99700
3 243 20 2 98 0.90000
3 244 20 3 A0 0.99400
3 245 20 4 BD 1.98400
3 246 20 5 CB 2.93100
3 247 20 6 B4 1.60700
3 248 20 7 AB 1.28400
3 249 20 8 AD 1.33500
3 250 20 9 B7 1.73000
3 251 20 10 D1 3.47900
3 252 20 11 B4 1.58000
3 253 21 0 CE 1.88400
3 254 21 1 F2 3.17300
3 255 21 2 D5 2.08900
3 256 21 3 F3 3.24100
3 257 21 4 A0 1.00000
3 258 21 5 B1 1.49900
3 259 21 6 C9 2.73500
3 260 21 7 F2 9.48800
3 261 21 8 BE 2.04600
3 262 21 9 CE 3.14700
3 263 21 10 BF 2.13400
3 264 21 11 BC 1.94800
3 265 22 0 C7 1.71000
3 266 22 1 E9 2.77300
3 267 22 2 CE 1.87400
3 268 22 3 C1 1.57600
3 269 22 4 A4 1.10000
3 270 22 5 B7 1.69900
3 271 22 6 AC 1.30200
3 272 22 7 DA 4.39800
3 273 22 8 92 0.74200
3 274 22 9 CB 2.88800
3 275 22 10 AB 1.29000
3 276 22 11 A2 1.04900
3 277 23 0 BE 1.50200
3 278 23 1 BE 1.50800
3 279 23 2 A6 1.08000
3 280 23 3 C5 1.66100
3 281 23 4 CB 2.94300
3 282 23 5 B6 1.67500
3 283 23 6 A0 1.00000
3 284 23 7 D0 3.30600
3 285 23 8 A3 1.06800
3 286 23 9 A6 1.13500
3 287 23 10 A0 1.00000
3 288 23 11 70 0.40000
4 1 0 0 B5 1.31900
4 2 0 1 C5 1.65100
4 3 0 2 9B 0.93600
4 4 0 3 AC 1.17300
4 5 0 4 AA 1.25700
4 6 0 5 A6 1.15000
4 7 0 6 A0 1.00000
4 8 0 7 D6 4.01000
4 9 0 8 A0 1.00000
4 10 0 9 A0 1.00000
4 11 0 10 C4 2.40000
4 12 0 11 3A 0.10000
4 13 1 0 CA 1.78400
4 14 1 1 EB 2.85700
4 15 1 2 CC 1.83800
4 16 1 3 D5 2.07700
4 17 1 4 C1 2.22200
4 18 1 5 DE 5.08800
4 19 1 6 BD 2.02500
4 20 1 7 CD 3.05000
4 21 1 8 B7 1.73800
4 22 1 9 C7 2.58400
4 23 1 10 C5 2.46000
4 24 1 11 70 0.40000
4 25 2 0 A0 1.00000
4 26 2 1 E2 2.51900
4 27 2 2 D3 4.03600
4 28 2 3 C0 1.53700
4 29 2 4 A0 1.00000
4 30 2 5 A0 1.00000
4 31 2 6 A0 1.00000
4 32 2 7 A0 1.00000
4 33 2 8 A0 1.00000
4 34 2 9 A0 1.00000
4 35 2 10 A0 1.00000
4 36 2 11 A0 1.00000
4 37 3 0 A0 1.00000
4 38 3 1 DF 2.39500
4 39 3 2 DC 4.58100
4 40 3 3 EC 2.90800
4 41 3 4 9E 0.95000
4 42 3 5 BC 1.94700
4 43 3 6 CA 2.80100
4 44 3 7 C7 2.63000
4 45 3 8 C7 2.60600
4 46 3 9 D5 3.80600
4 47 3 10 CE 3.18000
4 48 3 11 C8 2.67400
4 49 4 0 AB 1.16000
4 50 4 1 CE 1.87900
4 51 4 2 E8 5.53600
4 52 4 3 D3 2.03200
4 53 4 4 9A 0.87200
4 54 4 5 C7 2.60400
4 55 4 6 B6 1.69200
4 56 4 7 CA 2.82900
4 57 4 8 BF 2.10400
4 58 4 9 A0 1.00000
4 59 4 10 C9 2.74900
4 60 4 11 CA 2.83300
4 61 5 0 A9 1.13400
4 62 5 1 8F 0.80000
4 63 5 2 A9 1.12300
4 64 5 3 9E 0.97400
4 65 5 4 A0 1.00000
4 66 5 5 A0 1.00000
4 67 5 6 A0 1.00000
4 68 5 7 A0 1.00000
4 69 5 8 A0 1.00000
4 70 5 9 A0 1.00000
4 71 5 10 A0 1.00000
4 72 5 11 A0 1.00000
4 73 6 0 8E 0.78900
4 74 6 1 89 0.74100
4 75 6 2 A1 1.00700
4 76 6 3 70 0.54400
4 77 6 4 A8 1.20500
4 78 6 5 A0 1.00000
4 79 6 6 BB 1.89600
4 80 6 7 CC 3.00000
4 81 6 8 C5 2.44900
4 82 6 9 BF 2.12200
4 83 6 10 9B 0.90000
4 84 6 11 D0 3.33000
4 90 7 5 97 0.81700
4 91 7 6 B0 1.43300
4 92 7 7 C9 2.72300
4 93 7 8 B4 1.60900
4 94 7 9 C4 2.37900
4 95 7 10 BF 2.09900
4 96 7 11 B8 1.77500
4 102 8 5 95 0.86000
4 103 8 6 9A 0.92700
4 104 8 7 D4 8.24700
4 105 8 8 84 0.69500
4 106 8 9 E3 2.53900
4 107 8 10 C5 1.65000
4 108 8 11 94 0.85900
4 114 9 5 8E 0.78800
4 115 9 6 A3 1.03400
4 116 9 7 DC 4.62500
4 117 9 8 E9 2.80100
4 118 9 9 EE 3.01100
4 119 9 10 ED 2.95200
4 120 9 11 BE 1.50000
4 126 10 5 98 0.89400
4 127 10 6 9D 0.95700
4 128 10 7 DE 2.38600
4 129 10 8 D4 2.05500
4 130 10 9 B2 1.27700
4 131 10 10 C4 1.64400
4 132 10 11 AE 1.21300
4 138 11 5 97 0.88500
4 139 11 6 A8 1.12000
4 140 11 7 DA 2.23700
4 141 11 8 CE 1.87400
4 142 11 9 C7 1.69800
4 143 11 10 DE 2.37300
4 144 11 11 A1 1.00800
4 150 12 5 AA 1.15000
4 151 12 6 A2 1.03100
4 152 12 7 CB 1.80000
4 153 12 8 EE 3.02500
4 154 12 9 FC 3.71600
4 155 12 10 D4 2.05600
4 156 12 11 CA 1.77900
4 162 13 5 BF 1.52400
4 163 13 6 89 0.73800
4 164 13 7 E5 2.64300
4 165 13 8 B0 1.23300
4 166 13 9 B7 1.36600
4 167 13 10 E4 2.57200
4 168 13 11 EC 2.91900
4 174 14 5 9B 0.93400
4 175 14 6 CE 1.87400
4 176 14 7 D6 4.24000
4 177 14 8 D6 2.12000
4 178 14 9 DA 2.25100
4 179 14 10 E5 2.64000
4 180 14 11 EF 3.03400
4 186 15 5 8A 0.74600
4 187 15 6 B3 1.28800
4 188 15 7 D6 2.10300
4 189 15 8 D6 4.25400
4 190 15 9 DF 2.42400
4 191 15 10 D9 2.19500
4 192 15 11 9E 0.98000
4 198 16 5 A0 1.00000
4 199 16 6 C0 2.16800
4 200 16 7 B8 1.76400
4 201 16 8 AB 1.27400
4 202 16 9 B9 1.81300
4 203 16 10 A7 1.16000
4 204 16 11 CE 3.12300
4 205 17 0 A0 1.00000
4 206 17 1 91 0.82400
4 207 17 2 6C 0.51300
4 208 17 3 89 0.73700
4 209 17 4 E5 6.15200
4 210 17 5 C2 2.30000
4 211 17 6 A0 1.00000
4 212 17 7 B8 1.76600
4 213 17 8 C6 2.55000
4 214 17 9 C1 2.20500
4 215 17 10 CB 2.92900
4 216 17 11 87 0.59500
4 217 18 0 77 0.59000
4 218 18 1 A7 1.10000
4 219 18 2 AA 1.15000
4 220 18 3 B4 1.31600
4 221 18 4 CC 3.00000
4 222 18 5 CC 3.00000
4 223 18 6 A2 1.04100
4 224 18 7 BA 1.87000
4 225 18 8 9F 0.98600
4 226 18 9 C0 2.15500
4 227 18 10 D7 4.09800
4 228 18 11 CF 3.26100
4 229 19 0 A0 1.00000
4 230 19 1 DD 2.33000
4 231 19 2 CC 1.82600
4 232 19 3 EE 3.00000
4 233 19 4 CC 3.00000
4 234 19 5 9A 0.88100
4 235 19 6 BD 2.00000
4 236 19 7 AB 1.27300
4 237 19 8 A0 1.00000
4 238 19 9 CC 2.96500
4 239 19 10 CF 3.22600
4 240 19 11 C3 2.37400
4 241 20 0 A0 1.00000
4 242 20 1 AE 1.20000
4 243 20 2 93 0.83900
4 244 20 3 DD 2.34300
4 245 20 4 EA 7.15200
4 246 20 5 D8 4.22300
4 247 20 6 C2 2.29700
4 248 20 7 C5 2.49300
4 249 20 8 CC 3.00000
4 250 20 9 B6 1.66400
4 251 20 10 BA 1.87100
4 252 20 11 D1 3.42100
4 253 21 0 F2 3.20400
4 254 21 1 BB 1.44100
4 255 21 2 DB 2.28000
4 256 21 3 FC 3.70700
4 257 21 4 C4 2.41000
4 258 21 5 BD 2.02800
4 259 21 6 D4 3.71600
4 260 21 7 D8 4.20700
4 261 21 8 C3 2.36600
4 262 21 9 DF 5.20600
4 263 21 10 A0 1.00500
4 264 21 11 AF 1.40000
4 265 22 0 D2 2.00000
4 266 22 1 BD 1.49000
4 267 22 2 D2 2.00000
4 268 22 3 C2 1.60000
4 269 22 4 CC 2.98300
4 270 22 5 E3 5.84600
4 271 22 6 BC 1.93600
4 272 22 7 D0 3.32800
4 273 22 8 BE 2.07900
4 274 22 9 93 0.75600
4 275 22 10 7F 0.51300
4 276 22 11 B1 1.46800
4 277 23 0 C9 1.75700
4 278 23 1 E2 2.50000
4 279 23 2 CC 1.82100
4 280 23 3 96 0.88000
4 281 23 4 B1 1.50000
4 282 23 5 C8 2.65700
4 283 23 6 C4 2.40000
4 284 23 7 C2 2.25900
4 285 23 8 A8 1.19800
4 286 23 9 A0 1.00000
4 287 23 10 C1 2.23900
4 288 23 11 B1 1.50000
